-,-,-
-65.185547, 222.167969, 952.148438
-93.505859, 239.746094, 912.109375
-133.056641, 217.285156, 987.304688
-228.759766, 242.187500, 983.398438
-333.740234, 279.296875, 981.933594
-470.947266, 294.921875, 1010.742188
-614.990234, 257.812500, 1031.250000
-628.173828, 258.789062, 1049.804688
-594.482422, 251.953125, 1004.882812
-454.345703, 203.125000, 936.035156
-179.931641, 73.242188, 891.113281
107.910156, 16.601562, 840.820312
489.257812, -189.208984, 1010.742188
652.343750, -257.568359, 1079.101562
-,-,-
-91.064453, 167.480469, 1019.042969
-178.955078, 133.789062, 998.046875
-269.775391, 165.039062, 950.195312
-389.404297, 187.500000, 953.125000
-508.544922, 195.312500, 961.914062
-511.474609, 213.867188, 918.945312
-462.646484, 140.136719, 1029.296875
-393.310547, 125.000000, 1037.109375
-355.224609, 96.679688, 1032.226562
-209.716797, 127.929688, 1008.789062
-111.083984, 162.109375, 920.898438
5.859375, 64.453125, 1038.085938
45.410156, 53.710938, 1053.710938
53.710938, 57.617188, 1013.671875
82.519531, 71.777344, 1061.035156
67.871094, 95.214844, 1013.671875
84.960938, 86.914062, 1035.156250
172.363281, 77.636719, 1023.925781
229.980469, 104.492188, 997.558594
-,-,-
-104.248047, 0.488281, 990.234375
-135.986328, 27.343750, 1008.789062
-116.943359, 35.156250, 1008.789062
-131.591797, 35.156250, 1029.296875
-169.189453, 20.019531, 1009.765625
-234.130859, 0.000000, 979.980469
-324.462891, -3.662109, 968.750000
-413.818359, 32.226562, 920.898438
-479.248047, 41.992188, 918.945312
-583.251953, 10.742188, 925.781250
-608.642578, 46.386719, 956.054688
-671.630859, -40.771484, 1036.132812
-529.052734, -42.724609, 1030.273438
-295.654297, 12.695312, 979.003906
-105.712891, -33.935547, 1001.953125
15.136719, -133.544922, 1051.757812
178.222656, -77.880859, 994.140625
230.468750, -132.568359, 1010.742188
318.847656, -98.388672, 1012.695312
355.468750, -41.748047, 1020.996094
336.914062, -23.681641, 1038.085938
352.050781, 19.042969, 1029.296875
-,-,-
-104.248047, 67.382812, 1013.671875
-150.634766, 118.164062, 985.351562
-153.076172, 100.097656, 979.003906
-170.654297, 143.554688, 943.359375
-373.291016, 145.507812, 958.984375
-463.134766, 99.609375, 930.175781
-533.935547, 134.765625, 963.867188
-520.263672, 138.671875, 1044.921875
-454.345703, 63.476562, 1039.062500
-358.642578, 89.843750, 1007.812500
-119.384766, 17.578125, 1007.812500
20.507812, -23.681641, 1012.695312
159.667969, -129.638672, 1009.765625
289.550781, -132.568359, 1099.609375
402.832031, -40.771484, 1021.972656
502.441406, -17.333984, 1018.554688
541.992188, -23.681641, 1005.859375
515.136719, -31.982422, 975.097656
-,-,-
-74.951172, 44.921875, 1018.066406
-93.017578, 51.757812, 1032.226562
-73.486328, 119.140625, 1018.554688
-84.716797, 72.753906, 994.140625
-125.244141, 101.562500, 998.046875
-183.837891, 138.671875, 991.210938
-368.408203, 178.710938, 1011.718750
-596.923828, 227.539062, 1022.949219
-619.873047, 280.273438, 970.703125
-643.310547, 296.875000, 983.886719
-420.166016, 293.945312, 1094.726562
-158.447266, 91.308594, 1083.984375
-98.388672, 53.710938, 961.914062
107.421875, 16.601562, 835.937500
376.464844, -104.248047, 886.230469
599.121094, -168.212891, 963.867188
645.019531, -121.337891, 973.632812
647.460938, -43.701172, 997.070312
-,-,-
-61.767578, 114.257812, 1026.855469
-24.169922, 176.757812, 1004.882812
-110.107422, 119.140625, 978.027344
-126.220703, 153.320312, 979.003906
-198.974609, 211.914062, 977.539062
-368.408203, 243.652344, 1005.859375
-363.525391, 295.898438, 1030.273438
-519.775391, 313.964844, 975.585938
-555.419922, 266.113281, 1050.781250
-418.212891, 254.882812, 1025.390625
-232.177734, 164.062500, 1049.804688
-37.841797, 17.578125, 979.980469
148.925781, 114.257812, 944.335938
154.296875, 119.140625, 942.382812
113.281250, -97.900391, 1060.546875
232.910156, -58.349609, 1083.007812
258.789062, -39.794922, 1040.039062
397.949219, 101.562500, 1016.601562
385.253906, 78.613281, 954.101562
-,-,-
-85.205078, 81.054688, 1004.882812
-95.458984, 102.539062, 1024.414062
-140.380859, 101.074219, 1027.343750
-267.333984, 83.007812, 1035.156250
-357.666016, 136.718750, 1020.507812
-414.794922, 188.476562, 1009.765625
-448.486328, 217.285156, 942.382812
-351.318359, 155.273438, 873.046875
-304.443359, 185.546875, 914.062500
-201.416016, 86.914062, 985.351562
-217.529297, -0.244141, 1104.980469
-101.806641, -111.083984, 1041.992188
-83.251953, 24.902344, 1002.929688
-99.365234, 19.531250, 1005.859375
-20.263672, 0.976562, 1034.179688
67.871094, 20.507812, 1033.203125
160.644531, 1.464844, 1045.898438
264.160156, 26.367188, 1119.140625
222.656250, 20.996094, 1022.949219
265.625000, 51.757812, 1031.738281
-,-,-
-49.072266, 96.191406, 979.003906
-126.220703, 99.609375, 1018.066406
-206.787109, 78.125000, 1015.625000
-245.361328, 53.710938, 1020.019531
-145.263672, 55.664062, 1014.648438
26.855469, 65.429688, 1008.789062
-100.830078, 69.824219, 1064.941406
-165.283203, 67.382812, 1074.218750
-220.947266, 54.687500, 1052.734375
-181.396484, 16.601562, 1046.875000
-178.466797, 2.929688, 1029.296875
-134.033203, 25.390625, 1012.695312
-138.427734, -16.357422, 1021.972656
-73.486328, -46.142578, 1035.156250
-69.580078, -21.728516, 1003.906250
-66.650391, -3.662109, 946.289062
38.574219, -10.498047, 943.359375
105.468750, 10.742188, 939.941406
179.199219, -31.005859, 950.195312
186.035156, -25.634766, 987.304688
229.980469, -20.751953, 1002.929688
197.265625, -25.146484, 1015.625000
230.957031, -28.076172, 1024.902344
-,-,-
-249.755859, 29.296875, 1034.179688
-327.880859, 33.203125, 984.375000
-375.244141, 72.753906, 1032.226562
-445.068359, 61.523438, 995.117188
-444.580078, 66.894531, 969.726562
-309.326172, 95.214844, 980.957031
-336.181641, 93.261719, 966.796875
-313.720703, 8.789062, 1036.132812
-192.138672, 22.460938, 1020.996094
-248.779297, -39.794922, 1057.617188
-109.130859, -51.513672, 1045.898438
-61.767578, -6.591797, 992.187500
-14.404297, -41.748047, 1004.882812
77.636719, -54.443359, 963.867188
140.625000, -39.794922, 955.078125
219.726562, -52.490234, 961.914062
266.113281, -36.865234, 948.242188
292.480469, -23.681641, 956.054688
302.734375, -22.705078, 993.164062
-,-,-
-103.271484, 20.996094, 1022.949219
-163.330078, -16.357422, 1013.671875
-163.818359, -2.197266, 1039.062500
-199.951172, 16.601562, 1044.921875
-260.498047, 4.882812, 994.140625
-285.400391, 52.734375, 975.585938
-325.439453, 64.453125, 976.562500
-339.111328, 28.808594, 1012.695312
-271.240234, 83.007812, 1013.671875
-288.330078, 58.593750, 975.585938
-255.615234, 96.191406, 956.054688
-237.060547, 60.546875, 974.121094
-113.525391, -48.095703, 1061.523438
-7.568359, -58.349609, 1093.750000
27.832031, -45.166016, 1036.132812
110.351562, -97.900391, 1048.828125
165.527344, -86.669922, 1034.179688
258.789062, -48.095703, 995.117188
270.019531, -32.958984, 993.164062
298.828125, 19.042969, 970.703125
-,-,-
-65.185547, -9.521484, 1038.085938
-96.435547, 12.695312, 1029.296875
-92.041016, 38.085938, 1029.785156
-141.357422, 13.671875, 966.796875
-158.447266, 2.929688, 1011.718750
-159.912109, 23.925781, 1001.953125
-242.431641, 71.289062, 923.828125
-244.873047, 34.179688, 988.769531
-258.056641, 137.695312, 1123.046875
-274.169922, 21.972656, 1041.015625
-214.599609, -0.732422, 1051.757812
-204.833984, -14.404297, 1065.917969
-194.091797, -104.248047, 1077.148438
-64.697266, -71.533203, 1042.968750
-84.228516, -52.490234, 1044.921875
-64.208984, -68.603516, 1041.992188
7.812500, -50.537109, 1006.835938
7.812500, -29.052734, 993.164062
102.050781, -41.748047, 971.679688
119.140625, 1.464844, 954.101562
187.011719, 6.835938, 939.941406
-,-,-
8.300781, 227.539062, 955.078125
-39.306641, 212.890625, 983.398438
-33.447266, 200.195312, 944.335938
-60.791016, 147.460938, 1000.000000
-137.451172, 153.320312, 953.125000
-175.537109, 201.171875, 944.335938
-234.619141, 260.742188, 916.992188
-309.814453, 277.343750, 955.078125
-346.923828, 211.914062, 995.117188
-244.873047, 265.625000, 993.164062
-211.181641, 251.953125, 985.351562
-159.912109, 202.148438, 1080.078125
-182.861328, 178.710938, 1150.878906
-101.318359, 65.429688, 1079.101562
-123.291016, 49.316406, 1029.296875
-154.052734, -6.591797, 1049.804688
-111.572266, -35.888672, 1048.828125
-67.138672, -42.724609, 1000.000000
45.898438, -32.958984, 975.585938
53.222656, 12.695312, 981.933594
120.605469, 8.789062, 979.980469
222.167969, 68.359375, 984.375000
277.343750, 44.921875, 980.957031
-,-,-
-82.275391, 171.386719, 982.910156
-142.333984, 212.890625, 962.890625
-51.025391, 196.289062, 975.585938
-160.888672, 196.289062, 984.375000
-247.314453, 193.847656, 979.980469
-308.837891, 181.640625, 1044.921875
-282.958984, 158.203125, 1029.296875
-44.189453, 86.914062, 1147.949219
-107.177734, 124.511719, 1037.109375
-110.595703, 135.742188, 1058.593750
-44.189453, 70.800781, 1068.359375
7.324219, 67.382812, 1068.359375
104.492188, 18.554688, 1076.171875
73.730469, 52.734375, 988.769531
154.785156, 65.429688, 908.203125
229.980469, 27.343750, 918.945312
256.347656, 35.156250, 916.992188
298.339844, 33.203125, 934.570312
266.601562, 13.671875, 952.148438
272.460938, 19.531250, 965.820312
296.386719, 11.718750, 1024.902344
-,-,-
-169.677734, 178.710938, 961.914062
-167.236328, 171.386719, 916.015625
-106.689453, 186.035156, 1002.929688
-142.333984, 238.769531, 978.027344
-316.162109, 250.000000, 992.187500
-317.138672, 222.656250, 1021.972656
-213.134766, 108.398438, 992.187500
-204.345703, 85.937500, 1060.546875
-35.400391, 41.992188, 1044.921875
-71.044922, 87.890625, 1037.109375
-44.189453, 77.148438, 1054.687500
21.484375, 24.902344, 1050.781250
-5.126953, 42.968750, 1053.710938
88.378906, 14.648438, 1023.437500
85.937500, 32.226562, 972.656250
100.097656, 41.015625, 961.914062
95.214844, 18.554688, 951.171875
130.859375, 13.671875, 954.101562
166.015625, 25.390625, 916.015625
171.875000, 15.625000, 937.988281
235.839844, -8.544922, 962.890625
278.320312, -20.263672, 967.773438
270.507812, -13.427734, 1020.019531
251.953125, -69.091797, 1052.734375
-,-,-
-79.833984, 136.718750, 1006.835938
-90.087891, 159.179688, 952.148438
-84.228516, 164.062500, 963.867188
-175.537109, 164.062500, 959.960938
-256.103516, 161.132812, 964.843750
-301.025391, 160.156250, 975.585938
-254.638672, 181.640625, 983.398438
-291.748047, 166.503906, 1000.976562
-162.353516, 121.093750, 1044.921875
-169.677734, 139.160156, 1145.507812
-140.380859, 47.363281, 1100.585938
-75.439453, 32.226562, 1056.640625
-111.083984, 26.367188, 1058.593750
-24.658203, 2.929688, 1024.902344
5.371094, 3.417969, 993.652344
3.417969, 7.812500, 979.980469
69.824219, 2.929688, 978.027344
-1.708984, 26.367188, 979.980469
122.558594, 56.640625, 961.914062
157.714844, 82.031250, 948.242188
174.804688, 37.109375, 962.890625
208.984375, 17.578125, 974.609375
234.863281, 0.000000, 997.070312
-,-,-
-74.462891, 158.203125, 1004.882812
-111.083984, 167.480469, 1004.882812
-100.830078, 187.500000, 975.585938
-164.794922, 197.265625, 950.195312
-200.927734, 166.015625, 966.796875
-197.998047, 134.765625, 1013.671875
-108.154297, 103.515625, 1019.531250
-118.408203, 142.089844, 1026.367188
-120.849609, 147.949219, 1017.578125
-148.681641, 153.320312, 1047.851562
-86.669922, 132.812500, 1055.664062
-57.861328, 117.675781, 1066.894531
-56.396484, 87.890625, 1051.757812
11.230469, 104.492188, 968.750000
-33.447266, 80.078125, 932.617188
58.593750, 56.640625, 940.429688
88.867188, 35.156250, 1002.929688
59.082031, 19.531250, 983.886719
74.218750, -14.404297, 1010.742188
81.054688, -1.708984, 1014.648438
186.523438, 5.859375, 1029.296875
210.937500, 19.531250, 995.117188
253.906250, 4.882812, 990.234375
-,-,-
-106.689453, 127.929688, 995.117188
-98.388672, 117.187500, 1022.949219
-137.451172, 149.414062, 1008.789062
-217.529297, 123.046875, 992.187500
-217.041016, 150.390625, 968.750000
-193.115234, 137.695312, 935.058594
-249.755859, 132.812500, 967.773438
-200.927734, 111.328125, 953.125000
-171.630859, 129.882812, 996.093750
-163.818359, 113.281250, 1016.601562
-72.998047, 90.820312, 1129.882812
-68.603516, 65.429688, 1068.847656
-94.970703, 60.546875, 1063.476562
-19.287109, 59.570312, 1031.738281
-57.373047, 67.382812, 987.304688
-40.283203, 48.339844, 1007.812500
-2.685547, 14.648438, 1009.765625
9.765625, 46.386719, 1000.976562
16.601562, 50.781250, 974.121094
51.757812, -9.521484, 1011.718750
96.191406, -5.615234, 1028.320312
112.304688, -8.544922, 1016.601562
160.644531, -13.427734, 1004.882812
186.035156, -30.029297, 983.398438
269.042969, -47.119141, 1003.906250
-,-,-
-96.923828, 111.328125, 1014.648438
-137.451172, 100.585938, 1011.718750
-161.376953, 98.144531, 984.375000
-202.392578, 117.187500, 967.773438
-229.736328, 96.679688, 962.890625
-218.017578, 87.890625, 1014.648438
-135.986328, 115.234375, 1041.015625
-219.482422, 111.328125, 1003.906250
-156.982422, 99.609375, 1018.554688
-79.345703, 41.992188, 1028.320312
13.671875, 23.925781, 1036.132812
31.738281, 5.859375, 1062.500000
-31.005859, -8.544922, 1041.992188
-55.908203, 16.601562, 982.910156
-36.865234, 43.457031, 946.289062
-76.904297, 73.242188, 969.726562
-48.583984, 98.632812, 998.046875
-14.404297, 99.609375, 982.421875
-2.197266, 90.820312, 1009.765625
50.781250, 68.359375, 1011.718750
83.496094, 28.320312, 1029.296875
167.480469, -2.685547, 1030.273438
-,-,-
-84.228516, 31.250000, 997.070312
-111.572266, 14.648438, 1016.601562
-153.564453, 38.085938, 990.722656
-195.556641, 20.507812, 1005.859375
-219.482422, 8.789062, 997.070312
-226.318359, 44.433594, 1057.617188
-204.345703, 41.992188, 1022.949219
-191.650391, 70.800781, 1020.996094
-87.158203, 34.179688, 1058.593750
-14.892578, 48.339844, 1039.062500
-85.693359, 30.273438, 1086.914062
-7.080078, 41.992188, 1048.828125
2.441406, 67.382812, 1026.367188
10.253906, 37.109375, 1033.203125
33.203125, 53.710938, 1004.882812
49.316406, 75.195312, 946.289062
52.734375, 41.992188, 948.242188
160.156250, 23.437500, 985.351562
186.035156, -8.544922, 1009.765625
188.476562, -2.685547, 1011.718750
170.898438, 0.000000, 1005.859375
193.359375, -21.728516, 997.070312
175.781250, -5.615234, 1026.367188
-,-,-
-95.458984, 205.078125, 969.726562
-54.443359, 231.445312, 1016.601562
-82.763672, 166.503906, 971.679688
-65.185547, 189.453125, 979.003906
-53.466797, 184.570312, 1012.695312
-52.490234, 201.171875, 959.960938
-117.431641, 205.078125, 971.191406
-90.576172, 216.796875, 967.773438
-172.607422, 191.894531, 1010.742188
-234.130859, 182.617188, 1031.250000
-309.814453, 239.746094, 1045.898438
-357.177734, 188.964844, 1027.343750
-347.900391, 200.195312, 1016.113281
-317.138672, 172.851562, 955.078125
-266.845703, 250.000000, 918.945312
-150.634766, 117.675781, 914.062500
-47.607422, 160.156250, 900.878906
-41.748047, 96.679688, 912.109375
6.347656, -15.380859, 1002.929688
73.730469, -14.404297, 1044.921875
263.183594, -6.591797, 992.675781
290.527344, -16.357422, 1031.250000
358.886719, -22.216797, 1013.671875
387.695312, 16.601562, 1049.804688
363.769531, 36.132812, 1033.203125
-,-,-
21.972656, 105.468750, 981.445312
17.089844, 94.238281, 990.234375
10.253906, 100.585938, 987.304688
-34.912109, 83.007812, 1019.042969
-66.162109, 70.312500, 1026.367188
-93.505859, 84.960938, 1026.367188
-126.708984, 110.351562, 1040.039062
-120.849609, 90.820312, 1026.367188
-179.931641, 113.281250, 994.140625
-138.427734, 125.000000, 952.148438
-82.763672, 128.906250, 959.960938
-52.978516, 138.671875, 997.070312
-40.283203, 145.019531, 1021.972656
-52.490234, 110.351562, 1029.296875
-82.763672, 88.867188, 1046.875000
-72.021484, 140.136719, 1053.710938
-18.798828, 146.484375, 997.070312
17.089844, 173.339844, 956.054688
38.574219, 193.359375, 944.335938
21.484375, 142.089844, 1002.929688
-3.173828, 140.625000, 1020.019531
-6.103516, 108.398438, 972.656250
-2.685547, 87.890625, 1018.554688
54.199219, 120.605469, 1016.601562
85.937500, 152.343750, 963.867188
92.285156, 124.023438, 971.679688
143.554688, 109.375000, 985.351562
163.085938, 113.281250, 1002.929688
183.105469, 122.070312, 1017.089844
170.898438, 115.234375, 1054.687500
-,-,-
-87.646484, 32.226562, 1015.136719
-110.595703, 27.343750, 1046.875000
-121.826172, 21.484375, 1039.062500
-176.513672, 19.531250, 986.328125
-159.423828, 36.132812, 986.328125
-181.884766, 19.531250, 962.890625
-183.349609, 14.648438, 985.351562
-169.677734, 5.859375, 1031.250000
-138.916016, 33.203125, 1018.066406
-42.724609, 29.296875, 1031.738281
-125.244141, 11.718750, 1047.851562
-62.744141, 22.949219, 1063.964844
-51.025391, 9.765625, 1052.734375
-66.162109, 15.625000, 1005.859375
-31.982422, 41.992188, 1019.042969
27.832031, 45.898438, 1014.160156
31.250000, 15.625000, 1020.019531
53.710938, 28.320312, 995.117188
51.757812, 65.429688, 1028.320312
66.894531, 66.894531, 1006.835938
51.757812, 65.429688, 991.699219
33.691406, 63.476562, 985.351562
55.664062, 85.937500, 963.867188
116.699219, 85.937500, 967.773438
135.253906, 65.429688, 983.398438
160.644531, 52.734375, 1004.882812
152.343750, 26.367188, 1010.742188
166.015625, 24.414062, 1018.554688
-,-,-
-40.283203, 61.523438, 1018.554688
-68.603516, 46.386719, 974.121094
-85.693359, 53.710938, 997.070312
-175.537109, 18.554688, 1010.742188
-228.759766, 11.718750, 996.093750
-237.060547, 20.507812, 989.257812
-251.708984, 4.882812, 1040.039062
-201.416016, -15.380859, 1078.125000
-148.193359, 17.578125, 1060.058594
-144.775391, -2.685547, 1043.945312
-171.630859, -116.455078, 1105.957031
-17.822266, 23.925781, 970.703125
-11.962891, -1.708984, 1009.765625
-4.638672, 11.718750, 1023.437500
-9.521484, 23.925781, 1031.250000
24.414062, 35.156250, 1034.179688
29.296875, 56.640625, 1038.085938
43.457031, 71.777344, 997.070312
30.273438, 98.144531, 1020.019531
57.128906, 94.238281, 1039.062500
46.875000, 83.984375, 1038.085938
78.613281, 87.890625, 1007.812500
68.359375, 68.359375, 961.914062
85.937500, 85.937500, 942.382812
112.792969, 70.800781, 941.894531
140.136719, 90.820312, 952.148438
136.718750, 75.195312, 1006.835938
-,-,-
15.136719, 98.632812, 993.164062
7.812500, 91.796875, 1017.578125
6.347656, 103.515625, 1038.085938
-70.068359, 64.453125, 1041.992188
-96.923828, 68.359375, 1003.906250
-115.966797, 125.000000, 1026.367188
-169.189453, 135.742188, 947.265625
-194.580078, 149.414062, 992.187500
-121.826172, 146.972656, 996.093750
-96.923828, 113.281250, 1012.695312
-105.712891, 107.421875, 1166.992188
-44.189453, 62.500000, 1024.902344
-43.212891, 45.410156, 1116.210938
17.089844, 69.824219, 1049.804688
26.855469, 67.382812, 1032.226562
90.332031, 70.312500, 1048.828125
97.656250, 67.382812, 1006.835938
101.074219, 78.125000, 964.843750
137.695312, 50.781250, 946.289062
180.664062, 70.800781, 916.015625
166.015625, 64.453125, 903.320312
241.699219, 57.617188, 929.687500
300.292969, 57.617188, 958.984375
259.765625, 49.804688, 979.980469
285.156250, 38.085938, 981.445312
-,-,-
15.136719, 55.664062, 973.632812
36.132812, 78.125000, 991.210938
-30.517578, 54.687500, 1028.320312
-76.904297, 40.039062, 1034.179688
-116.455078, 51.757812, 1030.273438
-116.455078, 69.335938, 1023.925781
-141.845703, 81.054688, 1006.835938
-156.982422, 107.421875, 1015.136719
-98.388672, 49.804688, 1019.042969
-71.044922, 113.281250, 1029.296875
-38.330078, 90.332031, 1066.894531
-2.685547, 58.593750, 1053.710938
34.667969, 39.062500, 1058.593750
24.414062, 24.902344, 1023.925781
98.632812, 20.996094, 1025.390625
107.421875, 87.890625, 956.054688
110.351562, 116.210938, 911.132812
79.589844, 25.390625, 1002.929688
119.140625, 31.738281, 969.726562
139.160156, 41.992188, 976.562500
176.757812, -13.427734, 1017.578125
208.984375, -22.705078, 1024.414062
207.519531, 10.742188, 977.050781
221.679688, -31.982422, 986.328125
235.351562, -15.380859, 988.281250
235.839844, 6.835938, 982.421875
177.246094, -17.822266, 983.886719
166.503906, 13.671875, 1014.648438
-,-,-
-90.576172, 74.707031, 1009.765625
-83.740234, 42.968750, 985.351562
-107.177734, 155.273438, 995.117188
-167.724609, 60.546875, 998.046875
-100.830078, 100.585938, 1025.878906
-37.841797, 115.234375, 1038.085938
-76.904297, 70.312500, 1050.781250
-61.279297, 90.820312, 1084.960938
-16.845703, 73.730469, 1056.640625
-66.162109, 91.796875, 1085.937500
-112.548828, 100.585938, 1016.601562
-144.775391, 79.101562, 939.941406
-105.712891, 45.898438, 961.914062
-54.443359, 51.757812, 969.726562
-12.451172, 50.292969, 961.914062
55.175781, 68.359375, 1016.601562
109.863281, 38.085938, 991.210938
104.980469, 45.898438, 976.562500
144.042969, 19.531250, 980.957031
226.074219, 15.625000, 1002.929688
272.460938, 31.250000, 1026.367188
255.859375, 26.367188, 1010.742188
243.164062, 66.406250, 977.050781
219.238281, 66.406250, 981.445312
187.500000, 46.386719, 1002.929688
187.988281, 73.730469, 1004.882812
148.925781, 72.753906, 1030.273438
150.878906, 64.453125, 1011.718750
-,-,-
11.718750, 170.410156, 967.773438
-17.822266, 116.210938, 991.699219
-22.705078, 94.238281, 1014.648438
-74.951172, 107.421875, 1021.972656
-138.427734, 114.257812, 1003.906250
-193.115234, 137.695312, 980.957031
-218.017578, 133.789062, 991.210938
-205.810547, 137.695312, 1000.976562
-122.802734, 160.156250, 999.023438
-52.490234, 160.156250, 990.234375
-50.048828, 175.292969, 1019.531250
-47.607422, 131.835938, 1054.687500
7.812500, 103.515625, 1070.800781
32.714844, 93.750000, 1074.218750
28.320312, 102.539062, 1068.359375
48.339844, 122.070312, 1021.972656
83.496094, 122.070312, 957.031250
106.933594, 128.906250, 963.867188
116.699219, 128.906250, 955.078125
103.027344, 131.835938, 943.359375
106.933594, 113.281250, 958.984375
106.933594, 107.421875, 971.679688
107.910156, 87.890625, 986.328125
109.375000, 79.101562, 1012.695312
125.000000, 89.843750, 993.164062
118.164062, 96.191406, 1014.648438
128.417969, 103.515625, 1011.718750
98.632812, 98.144531, 1008.300781
100.097656, 118.652344, 1036.132812
-,-,-
27.343750, 97.656250, 976.074219
24.414062, 73.730469, 995.117188
-10.986328, 66.406250, 1016.601562
-47.607422, 75.683594, 1017.578125
-104.736328, 80.078125, 1019.531250
-114.013672, 108.398438, 996.093750
-103.759766, 70.800781, 1036.132812
-107.666016, 101.562500, 1025.878906
-20.263672, 131.835938, 1030.273438
-24.169922, 131.835938, 1022.949219
-38.818359, 96.191406, 1045.898438
17.089844, 97.167969, 1046.875000
13.671875, 87.890625, 1036.132812
62.011719, 78.125000, 1005.859375
93.261719, 96.679688, 1009.765625
79.101562, 97.167969, 980.957031
101.562500, 73.242188, 997.070312
109.375000, 99.609375, 980.957031
107.910156, 108.398438, 963.867188
154.785156, 117.187500, 953.125000
145.019531, 126.953125, 956.054688
145.507812, 99.609375, 963.867188
143.066406, 73.242188, 1000.976562
156.738281, 95.214844, 1016.601562
218.261719, 55.664062, 1018.066406
229.492188, 70.800781, 1002.929688
223.144531, 60.546875, 1004.882812
196.289062, 80.078125, 1001.953125
-,-,-
-1.220703, 93.750000, 1024.902344
6.835938, 99.609375, 1012.695312
-1.220703, 95.214844, 979.003906
-39.794922, 81.054688, 1028.320312
-71.533203, 80.078125, 1027.343750
-96.435547, 77.148438, 1039.062500
-169.189453, 83.984375, 1030.273438
-205.810547, 127.929688, 1021.972656
-195.556641, 110.351562, 1004.882812
-129.150391, 112.304688, 969.726562
-103.271484, 126.953125, 1040.039062
-31.982422, 168.457031, 983.886719
145.996094, 160.644531, 1154.785156
0.000000, 124.023438, 1073.242188
0.488281, 125.488281, 1036.132812
46.875000, 91.796875, 995.117188
57.617188, 100.097656, 1016.601562
86.914062, 94.238281, 1000.976562
93.261719, 103.515625, 969.726562
128.417969, 98.632812, 942.382812
170.898438, 82.031250, 919.921875
187.011719, 64.453125, 959.960938
240.722656, 69.335938, 926.757812
301.269531, 74.707031, 960.937500
306.152344, 52.734375, 952.636719
250.488281, 82.031250, 980.957031
-,-,-
47.851562, 86.914062, 975.585938
16.601562, 73.730469, 1009.765625
7.812500, 80.078125, 1001.953125
-14.404297, 68.359375, 985.351562
-85.205078, 40.039062, 1031.250000
-148.193359, 59.570312, 1042.968750
-192.138672, 75.195312, 1050.781250
-117.431641, 89.843750, 1038.085938
-82.275391, 102.539062, 1057.617188
-91.064453, 66.406250, 1085.937500
-116.455078, 83.984375, 1087.890625
-91.552734, 85.937500, 1049.804688
-68.603516, 81.054688, 1011.718750
-29.541016, 81.054688, 1010.742188
1.464844, 90.820312, 962.890625
66.894531, 119.628906, 929.687500
78.613281, 97.656250, 968.750000
66.894531, 98.632812, 985.351562
98.632812, 82.031250, 983.398438
117.675781, 73.730469, 997.070312
161.621094, 84.960938, 973.144531
241.699219, 83.984375, 995.117188
273.437500, 71.777344, 964.843750
268.066406, 78.125000, 973.632812
263.183594, 71.777344, 983.398438
-,-,-
60.546875, 63.476562, 1014.648438
41.015625, 32.226562, 1020.019531
-2.197266, 26.367188, 1026.367188
-45.654297, 41.992188, 1041.015625
-104.248047, 40.039062, 1019.042969
-148.681641, 45.410156, 1053.710938
-99.365234, 51.757812, 1031.250000
-70.068359, 58.593750, 1008.789062
-30.517578, 80.078125, 979.003906
-63.720703, 113.769531, 1004.882812
-39.794922, 142.089844, 984.863281
4.394531, 107.421875, 1027.832031
21.972656, 125.000000, 1057.617188
22.949219, 121.582031, 1007.812500
9.277344, 103.515625, 1002.929688
103.515625, 107.421875, 1011.718750
107.421875, 78.125000, 1045.898438
179.687500, 97.656250, 1039.062500
168.945312, 75.195312, 1043.945312
120.117188, 98.632812, 1009.765625
128.417969, 108.398438, 944.824219
163.574219, 84.960938, 905.273438
157.714844, 95.214844, 940.917969
151.855469, 98.632812, 941.406250
126.953125, 119.628906, 951.171875
-,-,-
84.472656, 46.386719, 1016.601562
55.664062, 23.437500, 1006.835938
6.347656, 25.390625, 1032.226562
-47.607422, 5.859375, 1030.273438
-108.154297, 24.414062, 1033.203125
-130.615234, 49.316406, 1016.601562
-86.181641, 33.203125, 1049.804688
-34.423828, 59.570312, 1022.949219
27.343750, 58.593750, 1044.921875
20.507812, 51.757812, 1042.968750
10.253906, 47.363281, 1039.062500
24.414062, 40.039062, 1040.039062
-2.685547, 28.808594, 838.867188
70.312500, 71.777344, 1000.000000
65.429688, 83.984375, 979.980469
52.246094, 100.585938, 999.023438
41.503906, 85.937500, 988.769531
65.917969, 76.171875, 947.265625
98.632812, 84.960938, 965.820312
122.558594, 52.734375, 987.304688
141.113281, 75.195312, 975.585938
171.386719, 88.867188, 956.054688
182.128906, 74.218750, 960.937500
199.218750, 79.101562, 985.351562
235.839844, 68.359375, 995.117188
237.792969, 61.523438, 997.070312
238.769531, 72.265625, 1027.343750
-,-,-
47.363281, 10.742188, 971.679688
13.671875, 18.554688, 992.187500
-45.166016, 17.578125, 1016.601562
-115.966797, -0.732422, 1052.734375
-195.556641, -2.685547, 1038.085938
-198.974609, 47.851562, 1068.847656
-70.068359, 54.687500, 999.023438
8.300781, 73.730469, 1035.156250
59.570312, 78.125000, 1048.828125
121.582031, 81.054688, 1150.878906
76.171875, 42.968750, 1071.289062
132.324219, 48.339844, 1057.617188
125.488281, 77.148438, 1016.601562
121.093750, 75.683594, 1012.695312
144.042969, 107.421875, 968.750000
124.023438, 97.167969, 952.148438
126.953125, 111.328125, 915.039062
128.417969, 115.234375, 937.988281
153.320312, 113.281250, 926.757812
151.855469, 134.765625, 939.453125
174.804688, 91.796875, 979.980469
201.660156, 95.214844, 987.792969
187.500000, 87.890625, 1018.554688
179.199219, 72.753906, 1019.531250
166.992188, 65.429688, 1041.992188
-,-,-
26.855469, 67.382812, 1018.066406
1.464844, 45.410156, 1026.855469
-38.330078, 40.039062, 1029.296875
-92.041016, 36.132812, 1037.109375
-144.287109, 35.156250, 1008.789062
-169.189453, 25.390625, 1049.804688
-172.607422, 46.875000, 1091.796875
-100.830078, 65.917969, 1012.695312
-123.779297, 77.148438, 1035.156250
-20.263672, 85.937500, 1037.109375
26.367188, 86.914062, 1004.882812
42.480469, 39.062500, 1037.109375
78.125000, 72.753906, 1046.875000
105.468750, 88.867188, 1011.718750
130.859375, 92.773438, 1004.882812
129.394531, 78.125000, 997.070312
123.535156, 99.609375, 964.843750
110.839844, 99.121094, 942.871094
130.859375, 122.558594, 951.171875
158.203125, 94.726562, 970.703125
151.367188, 78.125000, 1002.929688
174.316406, 88.867188, 978.027344
182.617188, 77.148438, 993.164062
220.214844, 67.382812, 972.656250
178.710938, 54.687500, 1048.828125
-,-,-
-15.869141, 68.847656, 1025.390625
-50.048828, 38.085938, 1037.109375
-96.435547, 50.781250, 1015.625000
-158.447266, 22.949219, 1021.972656
-145.751953, 40.039062, 1027.343750
-47.607422, 54.687500, 1021.972656
-53.466797, 60.546875, 1028.320312
-32.470703, 46.386719, 1030.273438
7.812500, 85.937500, 1008.789062
-4.638672, 97.167969, 995.117188
21.972656, 85.937500, 979.980469
3.906250, 57.617188, 1021.972656
49.316406, 42.968750, 1036.132812
52.246094, 27.343750, 1051.757812
90.820312, 48.828125, 1047.851562
113.281250, 66.406250, 1003.906250
123.535156, 63.476562, 1002.929688
163.085938, 80.078125, 985.351562
165.039062, 73.242188, 960.937500
205.566406, 76.171875, 942.382812
213.867188, 73.242188, 963.867188
224.121094, 57.617188, 949.218750
200.683594, 59.570312, 972.167969
166.992188, 64.453125, 1029.296875
-,-,-
53.710938, 32.226562, 1019.042969
29.296875, 10.742188, 1025.390625
-0.732422, 17.578125, 1046.875000
-28.076172, 12.695312, 1029.296875
-82.763672, -1.220703, 1055.664062
-85.693359, 20.996094, 1043.945312
-83.740234, 40.039062, 1020.996094
-67.626953, 46.875000, 1021.972656
-31.005859, 53.710938, 1001.953125
-20.263672, 72.753906, 1009.765625
-10.498047, 88.867188, 1020.507812
-16.845703, 47.363281, 1014.160156
38.574219, 77.148438, 1017.578125
65.429688, 72.753906, 1030.273438
96.191406, 93.261719, 971.679688
134.277344, 83.007812, 1001.953125
125.488281, 77.148438, 997.070312
110.839844, 85.937500, 963.867188
116.699219, 99.121094, 943.359375
136.230469, 95.214844, 928.710938
189.941406, 111.816406, 937.011719
193.847656, 84.960938, 965.820312
199.218750, 67.382812, 999.023438
195.800781, 50.781250, 1031.250000
223.632812, 46.386719, 997.070312
193.847656, 67.382812, 1019.531250
-,-,-
60.546875, 100.585938, 971.679688
-2.685547, 89.843750, 1017.578125
-45.654297, 96.191406, 1017.089844
-158.935547, 90.332031, 1055.664062
-247.314453, 87.890625, 1032.226562
-196.533203, 151.367188, 980.957031
-165.771484, 166.992188, 986.328125
-135.009766, 170.898438, 982.910156
-57.861328, 158.203125, 996.582031
-35.888672, 147.460938, 943.847656
70.800781, 102.539062, 1056.640625
95.214844, 97.167969, 1050.781250
85.937500, 65.429688, 1022.949219
130.859375, 79.101562, 1031.250000
158.203125, 69.335938, 990.722656
197.265625, 84.960938, 915.039062
207.519531, 79.101562, 925.781250
221.679688, 55.664062, 937.011719
241.210938, 63.476562, 955.078125
244.628906, 87.890625, 935.058594
246.582031, 89.843750, 1017.578125
-,-,-
28.320312, 102.539062, 972.656250
34.667969, 83.984375, 1041.015625
37.597656, 133.789062, 1007.812500
3.906250, 123.535156, 974.609375
-30.029297, 136.718750, 1005.859375
-120.849609, 118.652344, 1002.929688
-238.037109, 126.953125, 1016.601562
-246.826172, 139.648438, 980.957031
-246.337891, 142.089844, 998.046875
-155.517578, 186.523438, 985.351562
-30.029297, 224.121094, 1046.875000
77.148438, 165.039062, 1042.968750
123.046875, 132.812500, 1125.976562
145.019531, 95.214844, 1100.585938
170.898438, 54.687500, 1080.078125
176.757812, 54.687500, 1006.835938
240.234375, 69.335938, 935.546875
300.292969, 69.824219, 895.019531
305.664062, 75.683594, 910.156250
299.804688, 70.800781, 894.042969
309.082031, 31.250000, 926.757812
-,-,-
30.273438, 114.257812, 996.093750
63.964844, 130.859375, 997.558594
66.894531, 133.789062, 1010.742188
33.691406, 125.000000, 992.187500
54.687500, 114.257812, 1003.906250
52.734375, 110.351562, 980.957031
78.613281, 102.539062, 972.656250
62.011719, 105.468750, 1024.902344
45.898438, 110.351562, 1013.671875
-75.927734, 88.867188, 1078.125000
-146.240234, 95.214844, 1028.320312
-229.736328, 156.250000, 974.609375
-163.330078, 164.062500, 969.726562
-100.830078, 185.546875, 916.015625
74.218750, 125.488281, 1067.871094
57.617188, 153.320312, 1019.042969
100.097656, 127.929688, 1100.585938
98.632812, 88.867188, 1101.562500
147.460938, 125.976562, 1074.218750
204.589844, 72.753906, 1041.015625
221.191406, 84.960938, 1046.875000
269.531250, 96.191406, 986.328125
-,-,-
62.500000, 127.929688, 979.980469
73.242188, 130.859375, 958.007812
54.199219, 132.812500, 1008.789062
27.832031, 149.414062, 1017.578125
3.906250, 150.390625, 986.328125
-60.302734, 133.789062, 1006.835938
-181.396484, 181.640625, 1019.531250
-208.740234, 218.750000, 949.218750
-188.232422, 226.562500, 937.011719
-158.935547, 169.433594, 976.562500
10.253906, 175.292969, 1016.601562
-10.009766, 164.062500, 1055.664062
-94.482422, 99.121094, 1073.242188
30.273438, 102.539062, 1089.843750
24.414062, 86.914062, 1049.804688
91.796875, 67.871094, 998.046875
117.675781, 74.218750, 977.050781
157.226562, 72.753906, 970.703125
178.222656, 65.429688, 942.382812
189.941406, 85.937500, 946.777344
257.324219, 86.914062, 964.843750
279.296875, 66.406250, 992.187500
254.882812, 61.523438, 1023.925781
258.300781, 87.890625, 1015.625000
-,-,-
41.503906, 95.214844, 1014.648438
-2.685547, 76.171875, 1041.015625
-44.677734, 85.937500, 1052.734375
-116.943359, 85.937500, 1053.710938
-127.197266, 113.281250, 1002.929688
-83.251953, 148.437500, 975.585938
-67.626953, 219.726562, 1053.710938
-50.537109, 153.320312, 1004.882812
-52.490234, 129.882812, 1038.085938
5.371094, 120.605469, 1051.757812
19.531250, 49.316406, 1083.984375
50.292969, 107.421875, 1020.507812
116.699219, 91.308594, 989.257812
125.000000, 81.054688, 1000.000000
124.511719, 59.570312, 981.933594
175.781250, 82.031250, 941.406250
203.125000, 86.914062, 933.105469
207.519531, 66.406250, 944.335938
251.464844, 38.085938, 975.585938
252.929688, 30.273438, 1015.625000
263.183594, 35.156250, 986.328125
268.554688, 48.339844, 969.726562
281.738281, 48.339844, 978.027344
257.324219, 48.828125, 981.445312
229.003906, 45.898438, 988.281250
-,-,-
0.000000, 68.847656, 1026.367188
-5.126953, 97.167969, 1022.949219
-50.048828, 81.054688, 1036.132812
-107.177734, 74.218750, 1063.476562
-95.947266, 94.238281, 1037.109375
-45.654297, 110.839844, 966.308594
-54.443359, 96.679688, 1020.507812
-33.447266, 96.191406, 1011.718750
26.367188, 84.960938, 1047.851562
0.488281, 82.031250, 1020.996094
30.273438, 90.332031, 1012.695312
64.453125, 68.359375, 1012.695312
39.550781, 28.320312, 1047.851562
94.238281, 67.382812, 1012.695312
86.425781, 85.937500, 1024.414062
89.355469, 112.304688, 969.726562
93.750000, 101.562500, 985.351562
109.375000, 118.164062, 1002.929688
91.796875, 108.398438, 1002.929688
103.515625, 103.515625, 1021.972656
120.117188, 112.304688, 973.144531
136.230469, 109.375000, 955.078125
160.644531, 88.867188, 986.328125
193.359375, 56.640625, 986.328125
236.328125, 56.640625, 1006.835938
266.601562, 50.292969, 1011.718750
293.457031, 63.476562, 979.980469
-,-,-
-99.365234, 62.500000, 1015.136719
-121.826172, 22.949219, 1060.546875
-138.427734, 20.507812, 1094.726562
-152.099609, 33.203125, 1060.058594
-162.841797, 51.269531, 1026.367188
-112.548828, 71.777344, 990.234375
-158.447266, 74.218750, 974.121094
-102.294922, 101.074219, 1089.843750
-44.189453, 86.914062, 1018.554688
-45.654297, 83.007812, 1027.343750
-1.708984, 31.250000, 1082.519531
46.875000, 73.730469, 1020.019531
45.898438, 99.609375, 993.164062
56.152344, 89.355469, 990.234375
85.937500, 79.101562, 953.125000
40.039062, 96.679688, 994.140625
72.265625, 113.769531, 963.867188
85.937500, 76.171875, 969.726562
153.320312, 105.468750, 945.312500
203.125000, 41.992188, 1006.835938
229.492188, 27.343750, 1042.968750
237.304688, 29.296875, 1049.804688
203.125000, 54.687500, 1061.035156
-,-,-
2.929688, 9.765625, 1011.718750
-32.958984, 14.648438, 1034.179688
-116.455078, -14.404297, 1057.617188
-163.818359, 30.273438, 1051.757812
-177.490234, 49.804688, 1032.714844
-162.353516, 43.945312, 1043.945312
-3.662109, 140.625000, 1094.238281
-20.751953, 77.148438, 970.703125
51.757812, 72.753906, 1008.789062
70.312500, 58.593750, 979.980469
78.125000, 66.894531, 982.910156
146.484375, 66.406250, 958.007812
99.121094, 52.246094, 971.679688
167.480469, 71.777344, 1000.976562
138.183594, 53.710938, 1050.781250
150.878906, 40.039062, 1055.664062
110.839844, 39.062500, 1035.156250
80.566406, 67.382812, 961.914062
129.882812, 106.445312, 911.132812
168.457031, 83.007812, 926.757812
215.820312, 43.945312, 985.351562
252.441406, 43.457031, 1018.554688
250.488281, 47.363281, 1030.273438
265.136719, 25.878906, 1029.296875
-,-,-
-1.708984, 6.835938, 1025.878906
-38.330078, -25.146484, 1042.968750
-51.025391, -7.568359, 1041.015625
-112.060547, -9.521484, 1038.085938
-104.736328, -1.220703, 1021.972656
-123.291016, 13.671875, 987.792969
-138.427734, 25.390625, 941.406250
-37.841797, 43.457031, 987.304688
-19.287109, 57.617188, 1016.601562
1.464844, 53.710938, 1013.671875
94.726562, 40.527344, 1072.753906
93.261719, 43.457031, 1035.156250
101.562500, 33.203125, 1018.554688
128.906250, 22.460938, 1007.812500
101.562500, 29.296875, 1031.250000
104.980469, 82.031250, 1027.343750
113.281250, 111.328125, 993.164062
100.097656, 105.468750, 974.609375
118.652344, 100.585938, 1008.789062
138.671875, 91.796875, 1000.000000
204.589844, 73.730469, 1009.765625
193.847656, 65.429688, 1056.640625
188.964844, 69.335938, 1049.804688
-,-,-
-49.072266, 36.132812, 1030.273438
-103.271484, 31.250000, 1033.203125
-137.939453, 24.414062, 1026.367188
-169.189453, 10.742188, 1011.718750
-168.212891, 40.039062, 1005.859375
-130.126953, 30.273438, 1025.390625
-85.693359, 27.343750, 1037.109375
-54.443359, 61.035156, 1055.664062
-33.935547, 51.757812, 1037.109375
-11.962891, 57.617188, 1033.203125
-17.822266, 168.457031, 995.117188
40.039062, 83.984375, 1014.648438
58.593750, 66.406250, 973.632812
91.796875, 60.546875, 946.289062
52.734375, 48.828125, 967.773438
59.570312, 62.500000, 1011.718750
55.175781, 129.882812, 1025.390625
32.714844, 139.648438, 1002.929688
88.378906, 123.046875, 1033.203125
157.226562, 113.281250, 1051.757812
223.632812, 78.125000, 1046.875000
218.750000, 55.664062, 1033.203125
207.519531, 41.015625, 1003.906250
-,-,-
-32.470703, 3.906250, 1027.343750
-61.767578, -12.451172, 1043.945312
-112.548828, -17.333984, 1035.156250
-188.232422, -25.634766, 1046.875000
-154.052734, 6.835938, 996.093750
-189.208984, -18.798828, 985.839844
-168.212891, 8.789062, 1008.789062
-56.884766, 22.949219, 1008.789062
22.460938, 23.437500, 1018.066406
53.710938, 26.367188, 1025.390625
80.566406, 47.363281, 1032.226562
114.257812, 85.937500, 1026.367188
83.007812, 58.593750, 1023.925781
82.519531, 52.734375, 1002.929688
53.710938, 34.179688, 1013.671875
73.730469, 65.429688, 1008.789062
37.109375, 64.453125, 985.351562
45.898438, 80.078125, 980.957031
120.117188, 67.871094, 987.304688
126.953125, 51.757812, 995.605469
192.871094, 43.945312, 1006.835938
203.125000, 35.156250, 1032.226562
-,-,-
-25.146484, -40.771484, 1045.898438
-73.486328, -37.841797, 1027.343750
-114.990234, -31.982422, 1011.718750
-162.841797, -33.935547, 1001.953125
-142.333984, -16.357422, 995.117188
-118.408203, -17.333984, 1035.156250
-63.720703, 20.996094, 1006.835938
-20.263672, 29.296875, 1008.789062
31.250000, 50.781250, 1008.789062
71.777344, 52.246094, 1004.394531
103.515625, -16.357422, 969.726562
187.500000, 13.671875, 1013.671875
158.203125, 14.648438, 1011.718750
104.003906, -6.591797, 1032.226562
141.601562, 12.695312, 1039.062500
141.601562, 0.000000, 1023.925781
161.621094, 3.906250, 1022.949219
180.664062, 12.695312, 1034.179688
208.984375, 3.417969, 986.328125
200.195312, 18.554688, 1021.972656
-,-,-
-11.962891, 20.019531, 1022.949219
-6.103516, -2.685547, 1026.855469
-42.724609, -39.794922, 1058.593750
-112.060547, -45.654297, 1059.570312
-154.541016, -44.677734, 1048.828125
-156.982422, -28.076172, 1024.902344
-169.677734, -31.005859, 1024.414062
-152.099609, -29.052734, 1018.554688
-32.470703, 0.000000, 1001.953125
7.812500, 29.296875, 995.117188
65.917969, 30.273438, 979.003906
122.070312, 15.625000, 1019.042969
82.519531, -10.498047, 1020.507812
135.742188, 13.671875, 1018.554688
142.578125, 25.390625, 1017.578125
170.898438, 42.968750, 1013.671875
181.640625, 25.390625, 997.070312
170.410156, 21.972656, 1006.835938
210.937500, 21.972656, 961.914062
199.218750, 25.390625, 942.382812
249.511719, 15.625000, 944.824219
265.625000, 14.648438, 979.980469
252.929688, 2.929688, 1006.835938
225.585938, -1.708984, 1011.718750
-,-,-
-18.310547, -51.513672, 1025.390625
-109.619141, -46.142578, 978.027344
-123.291016, -47.607422, 992.187500
-102.294922, -72.509766, 1038.085938
-77.392578, -50.537109, 1024.902344
-36.376953, -49.560547, 1032.226562
-14.404297, -80.810547, 944.335938
45.898438, -9.521484, 986.816406
115.234375, 16.601562, 919.921875
123.046875, 23.925781, 931.152344
125.976562, 8.789062, 1007.812500
122.558594, -20.263672, 1067.871094
110.839844, -4.638672, 1084.960938
115.722656, -14.404297, 1100.585938
148.437500, 22.460938, 1061.035156
189.941406, 21.972656, 1023.437500
184.082031, 54.199219, 966.796875
179.199219, 33.203125, 946.289062
167.480469, 19.531250, 938.964844
177.246094, 22.460938, 953.125000
183.105469, 24.902344, 960.937500
208.984375, 51.269531, 974.609375
176.757812, 42.968750, 1007.812500
181.640625, 38.085938, 1012.695312
189.453125, 33.203125, 1042.968750
183.593750, 2.929688, 1066.894531
-,-,-
-68.603516, -47.607422, 1044.921875
-53.466797, -29.052734, 1029.296875
-97.900391, -43.701172, 1038.085938
-154.052734, -50.048828, 1051.757812
-169.189453, -41.748047, 1034.179688
-162.353516, -29.052734, 1063.476562
-125.244141, -24.658203, 1042.968750
-23.681641, -19.287109, 1070.312500
-2.685547, -58.349609, 1023.925781
12.695312, -22.705078, 964.843750
-7.080078, -46.630859, 943.359375
19.042969, -49.560547, 916.992188
124.023438, -60.302734, 985.839844
116.699219, -5.615234, 933.593750
128.417969, 7.812500, 977.050781
128.417969, 13.671875, 1008.789062
140.136719, 28.320312, 1040.039062
166.015625, 35.156250, 1053.710938
187.988281, 55.664062, 1048.828125
231.445312, 50.781250, 1014.648438
229.003906, 33.203125, 984.375000
232.421875, 18.554688, 970.703125
232.421875, 1.464844, 939.453125
199.218750, 6.835938, 983.398438
-,-,-
-54.931641, -17.333984, 999.023438
-78.857422, -27.099609, 1026.367188
-99.853516, -37.841797, 1041.992188
-160.888672, -79.833984, 1058.593750
-155.029297, -54.443359, 1023.925781
-143.310547, -29.052734, 984.375000
-125.732422, -43.701172, 959.960938
-69.091797, -52.490234, 1022.949219
-85.693359, -22.705078, 984.863281
-19.775391, -23.681641, 1043.945312
-26.123047, -32.958984, 1033.203125
0.488281, -15.380859, 1025.390625
117.675781, -14.404297, 1089.843750
59.570312, -6.591797, 1038.085938
101.074219, 28.320312, 1027.343750
126.464844, 19.531250, 1027.343750
142.578125, 27.343750, 1000.000000
193.359375, 35.156250, 960.937500
212.402344, 2.929688, 954.101562
257.324219, 3.906250, 949.218750
277.343750, -11.474609, 948.242188
256.347656, -14.404297, 988.281250
234.375000, -6.591797, 977.050781
-,-,-
12.207031, -48.095703, 1026.855469
-40.771484, -88.623047, 1019.042969
-88.134766, -96.923828, 1011.718750
-94.970703, -98.388672, 1020.019531
-120.849609, -79.833984, 1020.996094
-121.337891, -55.419922, 986.816406
-59.326172, -2.685547, 962.890625
-84.716797, -22.705078, 1034.179688
-20.263672, 1.464844, 1010.742188
-9.521484, -2.197266, 1034.179688
-30.029297, -5.615234, 1045.898438
73.730469, 22.949219, 1038.085938
41.015625, 8.789062, 1041.015625
73.730469, 50.781250, 1037.109375
85.937500, 35.156250, 1024.414062
71.289062, 19.042969, 1017.578125
130.859375, 46.386719, 954.101562
147.460938, 37.109375, 949.218750
161.621094, 46.386719, 958.984375
221.679688, 38.085938, 975.585938
194.335938, 21.484375, 1009.765625
176.269531, 31.250000, 989.257812
176.757812, 54.687500, 1007.812500
140.136719, 31.250000, 1013.671875
-,-,-
69.335938, 78.125000, 981.445312
82.519531, 95.214844, 964.843750
58.593750, 91.308594, 981.933594
3.417969, 87.890625, 1003.906250
-54.443359, 43.945312, 1025.878906
-59.326172, 74.218750, 1014.648438
-127.685547, 89.843750, 974.121094
-153.564453, 90.820312, 979.980469
-201.416016, 72.753906, 970.703125
-131.591797, 108.398438, 990.722656
-78.369141, 58.593750, 960.937500
-29.052734, 83.984375, 1026.367188
-23.681641, 34.179688, 1045.898438
29.296875, 45.898438, 1048.828125
100.097656, 18.554688, 1138.671875
56.640625, 42.968750, 1045.898438
62.011719, 50.781250, 1032.226562
33.691406, 66.406250, 1044.921875
26.367188, 79.101562, 1045.898438
66.894531, 67.382812, 1053.710938
110.839844, 91.796875, 1028.320312
162.109375, 97.656250, 1001.953125
191.406250, 92.773438, 1001.953125
258.789062, 59.570312, 959.960938
256.347656, 89.843750, 946.289062
234.375000, 70.312500, 966.796875
-,-,-
-10.986328, 14.648438, 1019.042969
-29.541016, -6.591797, 1037.109375
-77.392578, -5.615234, 1020.996094
-146.240234, -17.333984, 1007.812500
-151.611328, 30.273438, 996.093750
-143.310547, 95.214844, 955.078125
-218.505859, 79.101562, 931.152344
-137.451172, 90.820312, 920.898438
-127.685547, 51.757812, 1018.554688
-72.509766, 43.457031, 1057.617188
-51.513672, -0.244141, 1090.820312
-10.498047, 4.882812, 1063.964844
50.292969, -10.498047, 1056.640625
105.957031, 38.085938, 1057.617188
153.320312, 54.687500, 1026.367188
187.500000, 61.523438, 1019.042969
198.242188, 71.777344, 969.726562
242.187500, 76.171875, 938.964844
225.585938, 76.171875, 934.570312
255.371094, 43.945312, 943.359375
233.886719, 59.570312, 981.445312
195.312500, 51.757812, 1021.972656
-,-,-
-90.087891, -16.357422, 1015.136719
-103.271484, -49.560547, 1041.015625
-129.638672, -21.240234, 1014.648438
-159.912109, -27.099609, 980.957031
-113.525391, -22.705078, 972.656250
-78.369141, -2.685547, 990.234375
-27.587891, -22.705078, 1027.832031
-8.544922, -37.841797, 1040.039062
-18.310547, -26.123047, 1041.992188
30.761719, 11.718750, 1046.875000
40.039062, 75.195312, 1020.996094
3.906250, 27.343750, 1007.812500
144.042969, 10.742188, 1099.121094
97.656250, 80.078125, 1010.742188
118.164062, 50.292969, 1057.617188
134.765625, 62.500000, 1073.242188
125.976562, 77.148438, 1022.949219
131.347656, 79.101562, 977.539062
160.156250, 88.867188, 962.890625
168.457031, 53.710938, 942.382812
206.542969, 50.781250, 954.101562
219.238281, 47.363281, 969.726562
222.167969, 39.062500, 977.539062
226.562500, 58.593750, 987.304688
-,-,-
-34.423828, -13.427734, 960.937500
-128.173828, -44.677734, 967.773438
-175.048828, -48.095703, 988.281250
-156.005859, -23.193359, 958.984375
-184.814453, -6.591797, 1002.929688
-197.021484, 31.250000, 1048.828125
-69.091797, 30.273438, 1051.757812
-104.248047, 62.500000, 1027.343750
-0.244141, 102.539062, 1011.718750
5.859375, 97.656250, 1013.671875
37.597656, 92.773438, 1030.273438
37.597656, 80.078125, 1043.945312
23.925781, 47.363281, 982.421875
30.273438, 57.617188, 963.867188
92.773438, 78.125000, 961.914062
85.937500, 51.757812, 998.046875
171.875000, 42.968750, 1021.972656
186.523438, 56.640625, 1007.812500
197.265625, 46.875000, 1010.742188
218.750000, 66.406250, 997.070312
179.687500, 75.683594, 1007.812500
-,-,-
-30.029297, -31.982422, 997.070312
-102.294922, -63.720703, 1026.855469
-175.048828, -44.677734, 1029.296875
-221.435547, -3.662109, 986.328125
-228.759766, 0.488281, 976.562500
-197.998047, -0.732422, 1033.203125
-121.337891, 1.953125, 1002.929688
-74.462891, -4.638672, 1078.125000
-27.587891, 16.601562, 1091.796875
-35.400391, 25.878906, 1087.890625
13.671875, -94.970703, 1113.281250
71.289062, 20.019531, 1047.851562
50.292969, -3.662109, 1042.968750
88.867188, 28.320312, 1005.859375
132.324219, 7.812500, 1005.859375
168.457031, 58.593750, 951.171875
187.988281, 38.085938, 951.171875
227.539062, 19.531250, 946.289062
246.582031, 35.156250, 921.875000
262.207031, 16.601562, 945.312500
271.972656, 4.882812, 977.539062
261.230469, 5.859375, 997.070312
253.906250, 9.765625, 963.867188
207.519531, 0.000000, 985.351562
-,-,-
-69.091797, -58.349609, 1041.992188
-91.552734, -97.412109, 1054.687500
-113.037109, -48.095703, 1045.898438
-135.498047, -30.029297, 1035.156250
-138.916016, -6.591797, 1021.972656
-121.826172, -16.357422, 981.933594
-112.548828, -0.244141, 1006.835938
-47.607422, 37.109375, 996.093750
-16.357422, 26.855469, 1034.179688
34.179688, 40.039062, 1028.320312
123.535156, 96.191406, 1023.925781
78.125000, -20.751953, 1041.015625
141.601562, 6.347656, 1028.320312
227.539062, -18.310547, 1024.414062
188.476562, -14.404297, 1046.875000
229.003906, -30.029297, 990.722656
206.542969, -20.263672, 938.964844
206.542969, 7.812500, 917.968750
271.484375, -15.380859, 925.781250
268.066406, -28.076172, 965.820312
242.187500, -32.958984, 1000.976562
291.503906, -44.677734, 1011.718750
303.710938, -41.748047, 1062.011719
-,-,-
-139.892578, -32.958984, 1025.878906
-140.869141, -49.560547, 1006.835938
-199.951172, -78.857422, 1031.250000
-260.009766, -65.185547, 1030.273438
-194.580078, -7.568359, 967.773438
-213.134766, 5.859375, 968.750000
-205.810547, 4.882812, 1000.976562
-66.162109, 13.671875, 985.351562
-15.869141, 24.902344, 1125.000000
13.671875, 41.015625, 1016.113281
-13.427734, 12.695312, 1017.578125
19.531250, -40.771484, 1083.984375
29.785156, -56.396484, 1096.679688
56.640625, -3.662109, 1062.988281
77.148438, 8.789062, 1035.156250
129.394531, 7.812500, 1031.250000
199.218750, 48.339844, 970.703125
263.183594, 45.410156, 976.074219
272.460938, 22.949219, 922.851562
275.390625, 14.648438, 947.265625
206.542969, -50.537109, 1056.640625
-,-,-
-42.724609, -83.740234, 1065.917969
-58.837891, -51.025391, 1022.949219
-120.849609, -95.947266, 971.679688
-168.212891, -87.646484, 976.074219
-202.392578, -69.580078, 966.796875
-188.720703, -45.654297, 977.050781
-157.470703, -18.310547, 1018.554688
-80.322266, 1.953125, 979.980469
-75.927734, 10.742188, 1029.296875
-40.771484, -5.126953, 1062.011719
29.296875, 0.488281, 1023.925781
14.160156, -12.451172, 1035.156250
61.035156, 92.285156, 976.074219
24.414062, -19.287109, 999.023438
31.250000, -12.451172, 1020.019531
96.191406, -0.732422, 976.562500
89.355469, -28.076172, 1020.996094
125.488281, 8.789062, 992.187500
161.621094, -7.568359, 969.726562
149.902344, -32.958984, 997.070312
182.617188, -29.052734, 998.046875
230.957031, -21.240234, 993.164062
206.542969, -4.638672, 985.351562
200.683594, -12.451172, 1013.671875
-,-,-
-20.751953, -80.810547, 1018.066406
-55.908203, -99.853516, 1029.296875
-101.318359, -106.201172, 1007.812500
-202.392578, -88.623047, 978.515625
-294.677734, -70.556641, 989.257812
-265.869141, -31.005859, 924.804688
-233.154297, -10.498047, 928.710938
-168.701172, -21.728516, 912.109375
-68.115234, -20.263672, 996.093750
35.156250, -21.728516, 1054.687500
120.605469, -72.509766, 1127.929688
146.484375, -38.818359, 1156.738281
110.839844, -127.685547, 1104.003906
65.917969, -120.849609, 1103.515625
83.496094, -76.904297, 1044.921875
82.031250, -34.912109, 1017.578125
104.492188, 10.742188, 953.125000
102.539062, 12.695312, 949.218750
156.738281, 15.625000, 950.195312
193.359375, 11.718750, 944.335938
206.542969, 23.925781, 965.820312
178.222656, 19.531250, 1015.625000
145.996094, 19.531250, 1003.906250
-,-,-
-78.369141, -31.005859, 992.187500
-128.662109, -72.021484, 1016.601562
-142.333984, -102.294922, 1037.109375
-218.017578, -136.474609, 1039.062500
-262.939453, -149.169922, 987.304688
-207.275391, -100.341797, 1022.949219
-157.470703, -40.771484, 928.222656
-91.552734, -52.490234, 1000.976562
-39.306641, -2.685547, 1033.691406
6.347656, -2.197266, 1052.734375
80.566406, 47.363281, 1029.296875
169.921875, -16.357422, 1142.089844
60.546875, -6.591797, 1066.894531
92.773438, -14.404297, 1027.832031
67.382812, -26.123047, 1019.531250
66.894531, -12.451172, 1015.625000
118.652344, -1.708984, 970.703125
110.839844, 7.812500, 948.242188
113.281250, 9.765625, 980.957031
148.437500, 19.531250, 1006.835938
159.667969, 41.015625, 987.304688
156.738281, 43.945312, 1022.949219
-,-,-
-64.208984, -64.208984, 1020.019531
-117.431641, -92.529297, 1042.968750
-164.794922, -108.154297, 1032.226562
-174.072266, -101.318359, 998.046875
-173.095703, -83.740234, 996.093750
-180.419922, -80.810547, 1029.296875
-179.443359, -41.748047, 976.074219
-169.189453, -2.197266, 981.445312
-92.529297, 33.203125, 990.234375
-30.029297, 70.800781, 1008.789062
20.507812, 54.687500, 1053.710938
-1.708984, -38.818359, 1123.046875
22.949219, -2.685547, 1063.964844
20.019531, -18.310547, 1020.996094
64.453125, -29.052734, 1012.695312
86.425781, -34.912109, 1021.972656
114.746094, -21.728516, 1020.019531
145.507812, -10.498047, 1015.625000
184.082031, 22.949219, 1006.835938
187.988281, 31.250000, 958.007812
185.058594, 48.828125, 954.101562
187.500000, 29.296875, 963.867188
-,-,-
-150.634766, -46.142578, 1055.664062
-178.955078, -110.107422, 1014.648438
-198.974609, -103.271484, 958.984375
-193.115234, -89.599609, 997.070312
-180.419922, -78.857422, 976.562500
-174.072266, -74.462891, 1055.664062
-124.267578, -43.701172, 1017.578125
-82.763672, -5.615234, 1009.765625
13.671875, 42.968750, 974.609375
12.695312, 21.972656, 960.937500
36.621094, -8.544922, 1113.769531
41.992188, -63.232422, 1062.011719
3.417969, -129.638672, 1093.750000
71.777344, -89.599609, 1048.828125
126.953125, -85.693359, 1046.875000
173.828125, -56.396484, 1007.812500
208.984375, -24.658203, 967.773438
240.234375, -11.474609, 1003.906250
224.121094, -12.451172, 979.980469
-,-,-
-133.056641, -68.603516, 1011.718750
-164.794922, -100.341797, 1020.019531
-186.279297, -87.646484, 1018.554688
-245.849609, -94.970703, 1006.835938
-230.712891, -84.716797, 961.914062
-206.298828, -65.185547, 987.304688
-223.876953, -5.615234, 1007.812500
-135.009766, 10.742188, 1027.343750
-99.365234, 49.804688, 1021.972656
-41.748047, 98.632812, 997.070312
-0.732422, 45.410156, 1044.921875
-6.103516, 66.406250, 1010.742188
36.132812, 25.390625, 1026.855469
66.894531, 2.441406, 1054.687500
62.500000, 1.953125, 1038.085938
88.378906, -12.451172, 1036.132812
123.535156, -24.658203, 1051.757812
-,-,-
19.531250, 140.625000, 954.101562
-8.544922, 128.906250, 960.937500
-30.029297, 125.976562, 1002.929688
-100.341797, 105.468750, 1011.718750
-166.748047, 124.023438, 980.957031
-141.357422, 122.558594, 1020.019531
-117.431641, 130.859375, 1004.882812
-68.115234, 146.484375, 1039.062500
-54.443359, 121.582031, 1060.546875
-50.048828, 114.257812, 1043.945312
-48.583984, 118.164062, 1043.945312
-50.537109, 88.867188, 1016.601562
46.875000, 81.054688, 1012.695312
111.816406, 52.734375, 1056.640625
108.886719, 66.894531, 973.632812
136.718750, 48.339844, 981.933594
139.160156, 30.273438, 968.750000
137.207031, 41.992188, 934.082031
129.394531, 42.968750, 985.839844
205.566406, 46.875000, 979.980469
152.343750, 68.359375, 951.171875
163.085938, 71.777344, 973.632812
173.339844, 64.453125, 981.933594
195.800781, 53.710938, 1046.875000
192.382812, 69.335938, 1071.289062
-,-,-
-56.884766, -22.216797, 1029.296875
-129.150391, -39.794922, 1072.265625
-219.482422, -43.701172, 1039.062500
-227.294922, -21.240234, 983.398438
-232.666016, -18.310547, 939.941406
-129.150391, 24.414062, 948.242188
-135.009766, 42.968750, 997.070312
-56.884766, 51.757812, 1071.777344
-67.626953, -0.732422, 1040.039062
-1.220703, -18.310547, 1056.640625
54.199219, -0.244141, 1026.367188
133.300781, -55.419922, 1052.734375
115.722656, -40.771484, 1029.296875
170.898438, -27.099609, 986.328125
187.500000, -19.287109, 968.750000
196.777344, -13.427734, 952.148438
189.941406, -1.708984, 950.195312
171.386719, 12.695312, 980.957031
129.882812, -9.521484, 1011.718750
133.300781, 11.718750, 1009.765625
138.183594, 4.882812, 1025.390625
130.859375, -16.357422, 1023.925781
-,-,-
-12.451172, 48.339844, 964.843750
12.695312, 70.800781, 986.328125
-47.119141, 30.273438, 1025.390625
-78.369141, 43.945312, 1007.812500
-188.232422, 55.664062, 971.679688
-219.482422, 87.890625, 938.964844
-112.060547, 66.406250, 985.351562
-148.193359, 29.296875, 1015.625000
-59.814453, 49.316406, 1056.640625
0.488281, 3.906250, 1064.941406
53.222656, 24.902344, 1095.703125
74.218750, 18.066406, 1064.941406
36.621094, 28.320312, 1041.992188
71.777344, 0.000000, 1019.531250
62.988281, -11.474609, 1018.554688
19.042969, 19.531250, 1013.671875
42.480469, 35.156250, 966.796875
46.875000, 40.039062, 948.242188
66.894531, 53.710938, 956.054688
76.660156, 56.640625, 954.101562
124.511719, 38.085938, 976.562500
-,-,-
26.855469, 89.843750, 971.191406
14.648438, 128.906250, 1010.742188
15.136719, 115.234375, 1037.109375
10.742188, 94.238281, 1014.648438
21.972656, 121.582031, 980.957031
-27.587891, 120.605469, 1012.695312
-27.587891, 103.515625, 994.140625
-77.880859, 124.023438, 964.843750
-104.736328, 121.093750, 998.046875
-122.314453, 37.109375, 925.781250
-174.072266, 121.093750, 987.304688
-140.869141, 75.195312, 1030.761719
-152.099609, 38.085938, 1054.687500
-72.509766, 25.390625, 1046.875000
-25.146484, 0.488281, 991.210938
-23.681641, 23.437500, 1019.042969
8.789062, -23.681641, 1038.085938
48.339844, -18.310547, 1012.695312
80.566406, -13.427734, 1043.945312
129.882812, -23.681641, 1013.183594
120.117188, -7.568359, 1016.113281
184.082031, -2.197266, 971.679688
217.285156, -8.544922, 988.281250
238.769531, -23.681641, 996.093750
258.789062, -26.611328, 990.234375
225.585938, -37.841797, 1000.000000
-,-,-
-90.576172, -79.833984, 1004.882812
-107.177734, -89.599609, 1008.789062
-162.353516, -95.458984, 1025.878906
-215.576172, -52.490234, 1025.878906
-206.298828, -2.685547, 1009.765625
-197.998047, -24.658203, 1091.796875
-149.169922, 39.062500, 1045.898438
-116.455078, 31.250000, 1057.617188
-63.720703, 48.828125, 1065.917969
-68.603516, 7.812500, 1057.617188
-56.884766, -20.751953, 1060.058594
-21.240234, -41.748047, 1034.179688
-6.591797, -55.419922, 964.843750
11.718750, -56.396484, 918.945312
104.980469, -58.349609, 941.406250
153.320312, -88.623047, 949.218750
219.238281, -122.802734, 965.820312
270.507812, -158.935547, 960.937500
293.945312, -143.798828, 993.164062
-,-,-
-169.189453, 58.593750, 1015.136719
-170.166016, 54.687500, 1012.695312
-171.142578, 41.992188, 1026.367188
-208.740234, 24.414062, 1013.671875
-237.060547, 12.695312, 1034.179688
-224.853516, 16.601562, 1041.992188
-208.740234, 13.671875, 1047.851562
-173.583984, 6.835938, 1034.179688
-173.583984, 6.835938, 1036.132812
-120.849609, -0.732422, 1010.742188
-77.880859, -3.173828, 1013.183594
-16.845703, -22.705078, 1018.554688
4.882812, -36.865234, 1003.906250
57.617188, -57.373047, 1005.859375
50.292969, -79.833984, 985.351562
75.195312, -91.552734, 954.101562
129.394531, -90.576172, 946.777344
156.738281, -118.896484, 986.328125
197.265625, -113.037109, 994.140625
226.562500, -139.892578, 1006.835938
237.792969, -119.873047, 983.398438
-,-,-
-130.126953, 37.109375, 1043.945312
-132.568359, 29.296875, 1046.875000
-150.146484, 23.925781, 1052.734375
-163.330078, 43.945312, 1020.019531
-133.544922, 41.015625, 1032.714844
-158.447266, 38.085938, 1012.695312
-118.408203, 9.765625, 1051.757812
-89.111328, -23.193359, 1037.109375
-47.607422, 2.441406, 988.769531
1.953125, -31.005859, 1020.996094
21.484375, -57.373047, 999.023438
48.339844, -45.654297, 983.398438
88.378906, -63.232422, 967.773438
134.765625, -61.279297, 965.820312
142.578125, -72.509766, 964.843750
161.621094, -85.693359, 1003.906250
171.875000, -110.107422, 1006.835938
212.402344, -121.826172, 1010.742188
221.191406, -122.802734, 967.285156
243.164062, -113.037109, 995.117188
267.089844, -106.201172, 975.097656
234.375000, -81.787109, 1006.835938
-,-,-
-62.744141, 62.500000, 1021.972656
-93.505859, 58.593750, 1049.804688
-118.408203, 24.902344, 1031.250000
-135.009766, 17.578125, 1031.250000
-150.634766, 18.554688, 1019.531250
-140.380859, 16.601562, 1028.320312
-99.853516, -0.244141, 1061.035156
-61.767578, -23.193359, 1085.937500
-38.818359, -23.681641, 1037.109375
-10.498047, -1.220703, 1014.648438
10.742188, -20.263672, 981.933594
41.992188, -23.681641, 961.914062
73.730469, -43.701172, 973.632812
99.609375, -41.748047, 943.359375
127.441406, -55.419922, 962.890625
128.906250, -69.091797, 1004.882812
172.851562, -74.951172, 973.632812
199.707031, -87.646484, 1010.742188
198.242188, -92.529297, 991.210938
233.398438, -86.669922, 982.421875
259.765625, -93.017578, 999.023438
268.066406, -101.318359, 978.515625
267.089844, -78.857422, 955.078125
242.187500, -75.439453, 960.937500
-,-,-
-45.166016, 127.929688, 997.558594
-86.669922, 101.562500, 1013.671875
-68.603516, 120.605469, 1045.898438
-96.435547, 145.507812, 1019.042969
-93.505859, 166.015625, 985.351562
-62.255859, 165.527344, 1031.250000
-45.166016, 101.562500, 1053.710938
-1.708984, 104.492188, 1043.945312
-32.958984, 24.902344, 1045.898438
-14.404297, -25.146484, 1040.039062
0.976562, -75.439453, 1043.945312
62.011719, -97.900391, 1023.925781
110.351562, -104.248047, 1002.929688
174.316406, -100.830078, 969.726562
190.429688, -95.947266, 944.335938
206.542969, -83.740234, 969.726562
209.472656, -70.556641, 980.957031
214.843750, -42.724609, 982.421875
206.542969, -45.654297, 965.820312
181.640625, -65.185547, 1002.929688
187.500000, -84.716797, 1020.507812
196.777344, -90.576172, 1008.789062
206.542969, -77.880859, 1012.695312
-,-,-
-57.861328, 153.320312, 998.046875
-120.849609, 143.066406, 1041.015625
-97.900391, 116.210938, 1024.414062
-82.763672, 116.210938, 1002.929688
-49.560547, 63.476562, 975.585938
-21.240234, 36.132812, 1016.601562
19.531250, 13.671875, 1033.203125
15.625000, -24.658203, 1032.714844
51.757812, -63.232422, 1062.500000
66.894531, -95.947266, 1058.593750
81.054688, -108.154297, 1052.734375
73.730469, -101.318359, 1029.296875
76.171875, -89.599609, 1003.906250
81.054688, -76.904297, 984.375000
96.191406, -77.880859, 973.632812
122.070312, -59.326172, 983.398438
116.699219, -50.048828, 997.070312
121.093750, -50.537109, 1006.835938
139.160156, -35.888672, 961.914062
130.371094, -48.095703, 984.375000
118.652344, -53.466797, 1011.718750
176.757812, -99.365234, 1054.687500
210.937500, -126.708984, 1034.179688
-,-,-
-72.509766, 67.871094, 1021.972656
-66.162109, 72.265625, 1037.109375
-96.435547, 60.546875, 1050.781250
-86.669922, 91.796875, 1055.664062
-89.599609, 111.328125, 1032.226562
-91.064453, 124.023438, 1045.898438
-74.462891, 113.281250, 1027.343750
-43.701172, 52.246094, 1010.742188
-42.724609, 26.367188, 1015.625000
-7.568359, -4.638672, 1021.972656
12.695312, -42.724609, 1001.953125
8.300781, -61.279297, 1000.000000
15.625000, -72.509766, 1013.671875
30.761719, -73.486328, 996.093750
71.777344, -82.763672, 979.003906
115.234375, -111.083984, 997.070312
154.296875, -100.341797, 1005.859375
169.921875, -125.732422, 980.957031
170.898438, -126.708984, 978.027344
149.902344, -144.287109, 994.140625
133.300781, -137.451172, 995.117188
152.343750, -137.451172, 996.093750
194.335938, -144.775391, 1002.929688
166.992188, -156.982422, 972.656250
-,-,-
-93.994141, 65.429688, 978.027344
-103.271484, 73.730469, 1010.742188
-104.248047, 58.593750, 1024.414062
-94.482422, 46.386719, 1033.203125
-88.134766, 24.902344, 1032.226562
-61.767578, -9.521484, 1031.250000
-40.283203, -17.333984, 1036.132812
5.371094, -16.357422, 1030.273438
8.789062, -48.095703, 1009.765625
-1.220703, -63.232422, 1012.695312
14.648438, -88.623047, 1020.019531
22.949219, -88.623047, 998.046875
33.691406, -106.201172, 986.328125
46.875000, -100.341797, 982.910156
58.593750, -96.435547, 1004.882812
85.937500, -84.716797, 993.164062
88.378906, -75.927734, 971.679688
98.632812, -74.462891, 969.726562
105.468750, -89.599609, 980.957031
104.980469, -102.294922, 997.070312
123.535156, -120.361328, 992.187500
115.722656, -122.802734, 985.351562
122.558594, -135.498047, 988.281250
133.300781, -139.404297, 985.351562
152.343750, -136.474609, 1018.554688
157.714844, -170.166016, 997.558594
-,-,-
-89.111328, 98.632812, 979.980469
-103.271484, 100.585938, 1021.972656
-106.689453, 72.753906, 1045.898438
-86.669922, 82.031250, 1040.039062
-84.228516, 70.312500, 1009.765625
-76.904297, 49.804688, 1015.625000
-66.650391, 12.695312, 1015.625000
-59.326172, 2.441406, 1020.019531
-14.404297, -1.708984, 1015.625000
39.550781, -88.623047, 1020.019531
1.464844, -54.443359, 1018.554688
16.113281, -37.841797, 990.722656
26.367188, -17.333984, 985.351562
30.273438, -47.119141, 976.562500
49.316406, -57.373047, 1001.953125
66.894531, -93.017578, 976.074219
84.960938, -113.037109, 1013.671875
111.816406, -127.685547, 985.351562
158.691406, -131.591797, 969.726562
139.160156, -120.849609, 1001.953125
140.625000, -130.615234, 1025.390625
116.699219, -114.013672, 1032.226562
126.464844, -124.267578, 1009.765625
130.859375, -127.685547, 1017.578125
196.289062, -126.708984, 1040.039062
-,-,-
-55.908203, 77.148438, 1014.648438
-49.560547, 87.890625, 1008.789062
-79.345703, 71.777344, 1005.859375
-86.181641, 71.777344, 1011.718750
-75.439453, 64.453125, 1012.695312
-73.486328, 48.828125, 1014.648438
-50.048828, 42.968750, 1026.367188
-34.423828, 26.367188, 1021.972656
-28.076172, 22.460938, 1004.394531
-17.822266, -9.521484, 1026.367188
-8.544922, -29.052734, 1007.812500
6.347656, -0.244141, 1000.976562
7.812500, -28.076172, 999.023438
16.113281, -20.263672, 979.980469
25.878906, 6.835938, 979.003906
13.671875, -11.474609, 1010.742188
6.347656, -19.287109, 1013.671875
7.812500, -19.287109, 1026.367188
6.835938, -49.072266, 1031.250000
21.972656, -72.509766, 1029.296875
67.382812, -106.201172, 1022.949219
118.164062, -117.919922, 1000.976562
120.117188, -120.849609, 1018.554688
