-,-,-
-453.369141, 270.507812, 903.320312
-535.888672, 419.921875, 828.125000
-532.470703, 376.953125, 687.500000
-611.572266, 198.242188, 676.757812
-499.267578, 200.195312, 523.437500
-467.529297, 165.039062, 416.992188
-201.904297, 59.570312, 439.453125
20.996094, 39.062500, 450.195312
157.714844, 18.554688, 658.203125
227.050781, -81.787109, 896.484375
373.046875, -38.818359, 1150.878906
331.054688, -133.056641, 1429.687500
94.238281, -140.380859, 1451.171875
74.218750, -39.794922, 1511.718750
-134.033203, 83.984375, 1581.054688
-151.611328, 87.890625, 1457.031250
-283.935547, 221.679688, 1405.761719
-350.341797, 202.148438, 1354.492188
-489.990234, 265.625000, 1256.835938
-581.787109, 267.578125, 1169.921875
-634.033203, 280.273438, 1140.625000
-694.580078, 249.023438, 962.890625
-721.435547, 252.929688, 875.000000
-682.861328, 212.890625, 651.367188
-595.458984, 223.632812, 591.796875
-335.693359, 98.632812, 446.289062
3.906250, 116.699219, 534.179688
239.257812, 170.898438, 666.992188
-,-,-
-1011.962891, 301.757812, 587.890625
-1054.443359, 325.195312, 426.269531
-843.505859, 308.105469, 319.335938
-564.208984, 295.898438, 361.328125
-341.064453, 261.718750, 408.203125
-242.431641, 107.421875, 470.214844
-0.732422, 53.710938, 600.585938
33.691406, -7.568359, 825.195312
185.058594, -57.373047, 1010.742188
213.378906, 12.695312, 1194.824219
166.992188, -54.443359, 1291.992188
110.839844, -44.677734, 1379.882812
194.824219, -109.130859, 1444.335938
59.570312, -45.654297, 1377.929688
-13.427734, 10.742188, 1496.093750
-170.654297, 131.835938, 1475.585938
-434.326172, 165.039062, 1456.054688
-624.755859, 312.988281, 1531.250000
-707.275391, 328.125000, 1355.957031
-812.255859, 258.789062, 1167.968750
-773.681641, 200.195312, 831.054688
-778.076172, 118.164062, 590.820312
-669.189453, 92.773438, 360.351562
-668.212891, 158.203125, 394.531250
-471.923828, 108.398438, 346.191406
-333.740234, 164.062500, 535.156250
81.542969, 238.769531, 773.437500
309.570312, 233.398438, 850.585938
-,-,-
-486.083984, 508.789062, 900.390625
-844.970703, 569.335938, 784.179688
-919.189453, 412.597656, 643.066406
-745.361328, 209.960938, 473.632812
-424.560547, 149.414062, 417.968750
-120.849609, 151.367188, 364.257812
87.402344, 83.984375, 579.101562
120.117188, -60.302734, 687.500000
224.609375, -62.255859, 1006.835938
297.363281, -41.748047, 1156.738281
333.496094, -53.466797, 1315.429688
264.160156, -36.865234, 1326.171875
85.937500, -23.681641, 1571.289062
38.574219, -1.708984, 1667.968750
-39.306641, 1.464844, 1634.765625
-140.380859, 47.363281, 1427.734375
-188.720703, 31.250000, 1241.210938
-341.552734, 169.921875, 1121.093750
-531.005859, 192.871094, 1079.589844
-755.126953, 286.621094, 1121.093750
-864.990234, 288.574219, 1052.734375
-864.013672, 179.687500, 934.082031
-740.478516, 167.480469, 789.062500
-614.013672, 117.187500, 675.781250
-516.357422, 87.890625, 571.289062
-379.638672, 89.843750, 543.945312
-195.556641, 134.765625, 542.968750
-2.685547, 160.156250, 697.265625
-,-,-
-842.529297, 471.679688, 774.414062
-925.537109, 359.863281, 560.546875
-830.322266, 189.453125, 399.414062
-628.662109, 124.023438, 408.203125
-313.232422, 133.789062, 395.507812
-200.927734, 49.804688, 558.105469
62.988281, 68.359375, 625.000000
94.238281, -4.638672, 1002.929688
257.324219, 57.617188, 1043.945312
185.546875, 51.757812, 1285.156250
264.160156, 47.851562, 1363.769531
145.019531, 20.507812, 1449.707031
66.894531, -29.052734, 1480.468750
-15.380859, 7.812500, 1425.781250
-94.970703, 37.109375, 1432.617188
-137.939453, -37.841797, 1277.832031
-288.818359, 125.000000, 1264.648438
-381.103516, 73.730469, 1162.109375
-635.498047, 262.695312, 1229.492188
-813.720703, 237.792969, 1173.828125
-980.712891, 224.609375, 1228.515625
-921.630859, 177.734375, 1068.359375
-806.884766, 154.296875, 808.105469
-670.654297, 135.253906, 596.191406
-554.443359, 117.187500, 522.460938
-468.994141, 93.750000, 399.414062
-365.478516, 138.671875, 360.351562
-170.654297, 110.351562, 507.812500
31.738281, 166.015625, 709.960938
-,-,-
-715.576172, 212.890625, 599.609375
-573.974609, 167.480469, 540.039062
-392.822266, 145.019531, 569.335938
-205.810547, 139.648438, 530.273438
-149.169922, 51.269531, 584.960938
17.578125, -3.662109, 746.093750
118.164062, -52.490234, 964.843750
273.437500, -18.310547, 1250.000000
427.734375, 61.523438, 1298.828125
416.015625, -62.255859, 1405.761719
330.566406, 26.367188, 1478.515625
275.390625, -18.310547, 1462.890625
-10.986328, -51.513672, 1435.546875
-60.302734, 37.109375, 1232.910156
-136.474609, 186.523438, 1252.929688
-274.658203, 141.113281, 1199.218750
-460.693359, 315.429688, 1154.296875
-634.033203, 218.750000, 1220.703125
-777.587891, 251.953125, 1204.101562
-837.646484, 132.812500, 1083.007812
-862.548828, 90.820312, 966.796875
-785.888672, 82.031250, 817.382812
-735.107422, 35.156250, 646.484375
-705.810547, 86.914062, 488.281250
-619.384766, 72.753906, 369.140625
-366.943359, 50.292969, 407.226562
-78.369141, 145.507812, 608.398438
188.476562, 294.921875, 750.000000
-,-,-
-395.263672, 237.304688, 759.765625
-606.201172, 335.449219, 834.960938
-671.630859, 385.742188, 795.898438
-626.220703, 207.031250, 559.570312
-417.724609, 131.835938, 257.812500
-279.541016, 0.488281, 298.339844
-6.591797, -165.771484, 368.164062
130.859375, -255.615234, 1045.898438
443.847656, -263.916016, 1243.164062
242.187500, -236.083984, 1758.300781
366.210938, -247.802734, 1486.328125
135.742188, -439.208984, 1625.976562
25.390625, -229.248047, 1555.664062
48.828125, -102.294922, 1504.882812
-178.955078, 35.156250, 1342.773438
-314.697266, 115.234375, 1355.468750
-648.681641, 154.296875, 1419.921875
-867.431641, 67.382812, 1291.992188
-936.767578, 125.000000, 1197.265625
-882.568359, 23.925781, 880.859375
-853.271484, 23.925781, 740.234375
-757.080078, 79.101562, 666.992188
-711.181641, 127.929688, 470.214844
-454.345703, 39.062500, 704.101562
-35.400391, -41.748047, 517.578125
5.371094, -86.669922, 484.375000
-,-,-
-219.482422, 173.339844, 938.964844
-398.193359, 188.964844, 982.421875
-433.349609, 235.351562, 919.921875
-510.986328, 149.414062, 707.031250
-386.962891, 105.468750, 443.359375
-183.349609, 17.578125, 352.539062
-19.775391, -165.771484, 507.812500
310.546875, -197.998047, 615.234375
364.746094, -280.029297, 1023.437500
444.335938, -324.951172, 1194.824219
354.492188, -304.443359, 1549.804688
288.085938, -194.091797, 1680.664062
181.152344, -179.443359, 1958.496094
102.050781, -66.162109, 1660.644531
-30.029297, 1.953125, 1503.906250
-166.259766, 18.554688, 1292.968750
-394.287109, 100.585938, 1340.820312
-599.853516, 28.320312, 1131.835938
-825.927734, 58.593750, 1234.863281
-871.826172, -37.841797, 1110.351562
-942.138672, -79.833984, 895.996094
-804.443359, -61.279297, 728.027344
-557.373047, 89.843750, 583.007812
-406.005859, 36.132812, 418.945312
-158.447266, 67.871094, 445.312500
216.796875, 104.492188, 557.128906
416.992188, 127.929688, 739.257812
-,-,-
-454.833984, 330.078125, 824.218750
-539.306641, 291.015625, 767.089844
-515.380859, 72.265625, 661.132812
-381.103516, -16.357422, 448.242188
-135.986328, -66.162109, 518.554688
-28.564453, -94.482422, 625.976562
120.117188, -169.189453, 942.871094
209.960938, -170.654297, 1300.781250
430.664062, -126.708984, 1353.515625
337.402344, -141.845703, 1706.054688
494.140625, 25.878906, 1434.570312
253.906250, -106.201172, 1510.742188
128.417969, -96.923828, 1282.714844
-97.412109, -156.005859, 1283.203125
-294.677734, -96.923828, 1263.671875
-448.974609, -45.654297, 1280.273438
-585.693359, 22.460938, 1221.679688
-662.841797, 82.031250, 1193.847656
-709.716797, 72.265625, 1107.910156
-720.458984, 101.074219, 1029.296875
-727.783203, 167.480469, 931.640625
-755.126953, 41.992188, 863.281250
-757.568359, -5.615234, 766.113281
-669.677734, -11.474609, 741.210938
-514.892578, -48.583984, 578.125000
-395.263672, -22.705078, 495.605469
-52.001953, -14.404297, 562.500000
236.816406, 125.976562, 646.484375
-,-,-
-281.982422, 250.976562, 940.429688
-395.751953, 281.250000, 959.960938
-551.025391, 414.550781, 916.015625
-616.455078, 260.742188, 779.296875
-512.451172, 49.316406, 597.167969
-244.384766, -18.310547, 428.222656
58.593750, -66.162109, 355.468750
216.308594, -297.607422, 657.226562
762.207031, -287.841797, 633.789062
657.226562, -454.345703, 1306.640625
637.695312, -494.873047, 1788.574219
464.355469, -437.744141, 1882.812500
188.964844, -279.052734, 1551.757812
97.656250, -51.025391, 1364.746094
-136.474609, 41.992188, 1254.882812
-441.162109, -33.935547, 1290.039062
-591.064453, 126.953125, 1233.886719
-761.474609, 37.109375, 1246.093750
-868.408203, 20.507812, 1181.640625
-879.638672, 72.753906, 1186.523438
-854.736328, 12.695312, 1012.695312
-801.513672, -14.404297, 910.156250
-657.958984, -8.544922, 755.859375
-558.837891, -74.462891, 552.734375
-303.955078, -47.119141, 399.414062
53.222656, 22.949219, 269.531250
189.941406, 37.109375, 504.394531
537.597656, 95.214844, 668.945312
423.828125, 27.343750, 894.042969
-,-,-
-187.255859, 255.859375, 969.726562
-409.423828, 325.195312, 981.933594
-610.595703, 337.402344, 886.718750
-696.044922, 169.433594, 726.074219
-477.783203, 50.781250, 401.367188
-177.001953, -54.443359, 383.300781
207.031250, -240.478516, 453.125000
394.531250, -331.787109, 727.539062
643.554688, -292.724609, 1202.636719
634.765625, -144.775391, 1474.609375
486.816406, -93.994141, 1674.804688
433.593750, -26.123047, 1406.738281
149.902344, -235.595703, 1459.960938
32.714844, -279.052734, 1339.843750
-179.931641, -271.240234, 1223.632812
-384.033203, -238.525391, 1154.296875
-514.892578, -92.529297, 1186.523438
-649.169922, -1.708984, 1321.777344
-661.376953, 111.328125, 1374.023438
-744.873047, 27.343750, 1349.121094
-730.224609, -2.685547, 1187.500000
-751.220703, -23.193359, 933.105469
-690.185547, -56.396484, 702.148438
-625.732422, -45.654297, 537.109375
-398.193359, -31.982422, 371.093750
-221.435547, 44.433594, 396.484375
47.851562, -18.310547, 498.046875
246.582031, 54.687500, 813.476562
-,-,-
-280.517578, 100.585938, 689.453125
-395.263672, 53.710938, 738.281250
-526.123047, 146.484375, 700.195312
-678.955078, 245.117188, 609.375000
-756.103516, 278.320312, 463.867188
-784.423828, 102.539062, 404.296875
-456.787109, 5.859375, 487.304688
-238.037109, -14.404297, 522.460938
109.375000, -35.888672, 689.453125
252.929688, 21.972656, 1109.863281
400.390625, 0.488281, 1176.757812
442.382812, -71.533203, 1641.601562
363.769531, -126.220703, 1290.039062
328.613281, -153.076172, 1507.812500
160.644531, -120.361328, 1462.890625
-53.466797, -216.064453, 1424.804688
-272.216797, -92.529297, 1322.753906
-497.314453, -92.529297, 1351.562500
-657.958984, 32.226562, 1338.867188
-729.248047, 84.960938, 1318.847656
-720.947266, 85.937500, 1195.312500
-703.369141, 150.390625, 1125.000000
-670.166016, 102.539062, 976.562500
-680.419922, 30.273438, 824.218750
-688.232422, 124.023438, 844.726562
-614.990234, 25.390625, 564.453125
-313.720703, 68.359375, 475.585938
51.269531, 126.953125, 619.140625
367.675781, 72.753906, 783.203125
-,-,-
-494.873047, 439.453125, 660.156250
-555.908203, 337.402344, 635.253906
-699.951172, 160.156250, 657.226562
-525.634766, -14.404297, 556.152344
-337.158203, -91.552734, 597.167969
-147.216797, -55.419922, 537.109375
-21.728516, -80.810547, 591.308594
79.589844, -51.025391, 829.101562
248.046875, -56.396484, 1041.992188
373.535156, 68.359375, 1283.203125
446.777344, 96.191406, 1426.757812
440.917969, 141.601562, 1514.648438
424.316406, 96.191406, 1543.945312
127.929688, -105.224609, 1764.648438
-25.146484, -120.361328, 1588.867188
-155.029297, -70.068359, 1432.617188
-195.556641, -24.658203, 1171.875000
-372.802734, -8.544922, 1251.953125
-478.271484, 73.730469, 1156.738281
-686.279297, 47.363281, 1309.570312
-742.431641, 108.398438, 1203.125000
-796.142578, 126.953125, 1074.707031
-794.677734, 132.812500, 871.093750
-759.521484, 118.652344, 734.375000
-724.853516, 18.554688, 540.039062
-471.923828, -46.630859, 455.078125
-125.244141, 47.363281, 484.375000
286.132812, -52.490234, 662.109375
485.351562, 40.039062, 745.117188
-,-,-
-363.525391, 383.300781, 856.933594
-558.837891, 416.992188, 936.523438
-593.505859, 343.750000, 884.765625
-525.146484, 252.929688, 672.851562
-355.224609, 160.156250, 596.191406
-238.525391, 109.375000, 511.230469
-126.708984, 50.781250, 551.269531
16.113281, -59.326172, 583.007812
222.167969, 3.906250, 600.585938
317.871094, -73.486328, 1010.742188
493.652344, 83.984375, 1219.726562
502.441406, -75.439453, 1570.312500
523.437500, -23.681641, 1577.636719
329.589844, -215.087891, 1701.171875
109.375000, -218.017578, 1541.992188
-36.865234, -224.365234, 1516.601562
-198.974609, -101.318359, 1286.621094
-312.255859, -56.396484, 1175.781250
-507.568359, 40.039062, 1201.171875
-607.666016, 99.609375, 1314.941406
-724.365234, 113.281250, 1277.832031
-738.525391, 161.132812, 1196.289062
-737.060547, 161.132812, 1010.742188
-661.376953, 246.093750, 798.828125
-625.244141, 129.882812, 643.554688
-509.521484, 163.085938, 563.476562
-329.345703, 39.062500, 563.476562
57.617188, 37.109375, 561.035156
358.886719, 88.867188, 706.054688
-,-,-
-180.419922, 372.070312, 926.757812
-371.337891, 400.390625, 1020.996094
-566.650391, 381.835938, 888.671875
-610.107422, 255.859375, 731.445312
-488.525391, 90.820312, 426.269531
-369.873047, 108.398438, 507.812500
-135.986328, -39.794922, 407.226562
91.796875, 114.257812, 483.398438
157.226562, 7.812500, 579.101562
295.898438, 92.773438, 1059.570312
504.394531, 15.625000, 1227.050781
370.605469, -152.099609, 1682.617188
340.332031, -411.865234, 1590.820312
290.527344, -475.341797, 1674.804688
275.390625, -380.615234, 1528.320312
31.250000, -281.982422, 1358.398438
-61.279297, -151.123047, 1164.062500
-419.189453, -79.833984, 1178.710938
-662.841797, -41.748047, 1303.710938
-769.287109, 125.000000, 1465.820312
-794.677734, 61.523438, 1299.804688
-791.748047, 43.945312, 1122.070312
-704.833984, 151.367188, 1025.878906
-690.673828, 24.414062, 791.992188
-659.912109, 22.949219, 643.554688
-501.708984, 75.683594, 626.953125
-275.634766, 94.238281, 493.164062
-73.974609, 70.800781, 537.109375
112.792969, 28.320312, 670.898438
-,-,-
-461.181641, 468.750000, 906.250000
-449.462891, 376.953125, 779.296875
-428.955078, 268.554688, 742.187500
-418.701172, 136.718750, 694.335938
-251.220703, 31.250000, 560.546875
-97.412109, -10.498047, 607.421875
121.093750, -3.662109, 641.601562
183.593750, -61.279297, 958.007812
367.187500, -134.521484, 1084.960938
446.777344, -212.158203, 1367.187500
465.332031, -82.275391, 1616.699219
381.347656, -273.193359, 1617.675781
280.273438, -197.509766, 1524.414062
152.343750, -160.888672, 1308.593750
-113.037109, -123.779297, 1286.132812
-183.837891, -70.068359, 1125.976562
-371.826172, -6.591797, 1217.773438
-531.494141, -11.474609, 1204.101562
-629.638672, 165.039062, 1327.148438
-804.443359, 77.148438, 1297.851562
-870.849609, 71.289062, 1154.296875
-811.767578, 93.261719, 923.828125
-704.833984, 109.375000, 662.109375
-649.169922, 132.812500, 512.207031
-486.083984, 102.539062, 475.585938
-355.712891, 94.238281, 447.265625
-135.009766, 34.179688, 522.460938
184.082031, 69.824219, 662.109375
319.335938, 128.906250, 916.015625
-,-,-
-322.998047, 303.710938, 801.757812
-457.763672, 456.054688, 893.066406
-622.802734, 462.890625, 797.851562
-700.439453, 407.226562, 912.109375
-656.982422, 165.527344, 791.992188
-458.740234, 55.664062, 638.183594
-194.091797, -19.287109, 461.914062
39.062500, -73.974609, 434.570312
160.156250, -177.490234, 602.539062
354.492188, -188.232422, 958.984375
358.886719, -276.123047, 1191.894531
436.035156, -82.763672, 1598.632812
291.503906, -252.685547, 1479.492188
304.687500, -99.365234, 1565.429688
179.199219, -124.755859, 1493.652344
45.898438, -58.349609, 1502.929688
-94.970703, -131.591797, 1303.710938
-203.857422, -41.748047, 1151.855469
-377.685547, 1.953125, 1195.800781
-494.384766, 5.859375, 1172.851562
-643.310547, 63.964844, 1227.539062
-695.556641, 63.476562, 1180.664062
-715.576172, 14.648438, 937.988281
-680.419922, 42.968750, 944.335938
-718.017578, -39.794922, 722.167969
-623.291016, 56.640625, 669.921875
-550.048828, 22.949219, 617.187500
-366.455078, 26.367188, 412.109375
-125.732422, 118.652344, 544.921875
229.003906, 245.605469, 588.867188
-,-,-
-366.943359, 406.738281, 1073.730469
-551.513672, 367.187500, 923.828125
-449.462891, 184.570312, 514.648438
-503.173828, 130.859375, 468.261719
-367.431641, 193.847656, 167.968750
-203.369141, 110.351562, 297.363281
-36.865234, -93.505859, 561.523438
189.941406, -140.380859, 847.656250
488.281250, -249.755859, 1328.613281
535.156250, -285.400391, 1519.531250
516.113281, -322.998047, 1941.406250
394.531250, -221.435547, 1795.410156
182.617188, -95.458984, 1558.593750
-22.216797, 0.488281, 1431.640625
-192.626953, 89.843750, 1127.929688
-576.416016, 60.546875, 1232.910156
-673.095703, 225.585938, 1339.843750
-716.552734, 416.992188, 1500.000000
-772.705078, 451.171875, 1379.882812
-744.873047, 362.792969, 1245.117188
-752.685547, 230.468750, 1030.273438
-833.740234, -40.771484, 653.320312
-714.599609, -71.044922, 351.562500
-444.580078, -202.880859, 235.351562
-24.169922, -153.076172, 368.164062
-,-,-
-234.130859, 273.437500, 895.507812
-410.400391, 444.335938, 822.265625
-595.947266, 256.835938, 654.296875
-520.263672, 33.203125, 555.175781
-347.900391, -32.958984, 481.445312
-100.830078, -116.943359, 592.285156
155.273438, -174.560547, 766.113281
472.167969, -242.919922, 904.785156
543.945312, -314.208984, 1238.281250
600.097656, -321.044922, 1487.792969
594.238281, -302.490234, 1688.476562
403.808594, -349.365234, 1416.015625
279.785156, -81.787109, 1452.148438
-125.732422, -183.349609, 1370.605469
-613.037109, 20.996094, 1607.421875
-767.822266, 162.109375, 1506.835938
-864.990234, 125.976562, 1524.414062
-795.166016, 24.902344, 1383.789062
-801.513672, 25.390625, 1274.414062
-660.400391, 39.062500, 773.925781
-690.673828, 22.460938, 541.015625
-591.064453, 45.898438, 212.402344
-465.087891, 8.789062, 169.433594
-194.091797, -22.216797, 323.242188
327.148438, 44.921875, 588.867188
-,-,-
-154.052734, 227.539062, 949.218750
-244.873047, 270.019531, 988.281250
-327.392578, 298.828125, 958.007812
-354.736328, 293.945312, 904.296875
-380.126953, 261.718750, 892.089844
-373.291016, 240.722656, 810.058594
-289.306641, 192.382812, 707.031250
-230.712891, 185.546875, 773.437500
-128.173828, 152.343750, 669.921875
-104.736328, 118.652344, 815.429688
-78.369141, 8.789062, 819.335938
45.898438, -43.701172, 967.773438
77.148438, -87.646484, 918.945312
116.210938, -91.552734, 1076.171875
116.210938, -133.544922, 1104.003906
146.484375, -130.615234, 1252.929688
98.144531, -179.443359, 1168.945312
81.054688, -247.314453, 1331.054688
-40.283203, -284.912109, 1375.000000
-82.275391, -236.572266, 1373.046875
-257.080078, -147.216797, 1359.863281
-301.025391, -40.771484, 1239.746094
-389.404297, -3.662109, 1249.023438
-411.865234, 41.992188, 1190.429688
-449.951172, 96.191406, 1203.125000
-509.521484, 164.062500, 1191.406250
-591.552734, 189.941406, 1174.804688
-611.572266, 145.019531, 1050.781250
-648.193359, 108.398438, 954.101562
-555.419922, 102.539062, 767.089844
-504.150391, 120.605469, 682.128906
-444.091797, 217.773438, 584.960938
-328.857422, 138.671875, 603.027344
-182.861328, 67.382812, 673.828125
24.902344, -0.732422, 832.031250
-,-,-
-245.849609, 285.156250, 824.218750
-387.451172, 333.984375, 811.035156
-437.744141, 217.285156, 719.726562
-474.365234, 148.437500, 729.492188
-416.259766, 125.000000, 692.382812
-226.806641, 195.800781, 659.179688
-136.474609, 79.101562, 708.007812
-52.001953, 83.007812, 784.179688
-44.189453, -1.708984, 807.128906
25.390625, -111.083984, 955.078125
64.453125, -147.705078, 922.851562
71.777344, -240.966797, 1186.035156
218.750000, -119.384766, 1274.902344
310.546875, -131.591797, 1362.792969
192.382812, -201.904297, 1321.777344
227.539062, -250.732422, 1306.640625
31.250000, -234.130859, 1363.769531
-123.291016, -269.287109, 1367.675781
-220.947266, -220.458984, 1296.875000
-315.185547, -126.708984, 1317.382812
-391.845703, -81.787109, 1230.468750
-479.248047, 6.835938, 1266.601562
-525.146484, 44.433594, 1208.007812
-608.154297, 19.531250, 1114.257812
-616.455078, 69.335938, 953.125000
-600.830078, 210.449219, 918.945312
-629.638672, 112.304688, 839.843750
-564.208984, 118.164062, 750.976562
-471.923828, 153.320312, 761.718750
-334.716797, 97.656250, 714.843750
-176.025391, 84.960938, 697.265625
-26.611328, 78.125000, 753.906250
128.417969, 7.812500, 750.976562
342.773438, -16.357422, 694.335938
-,-,-
-35.888672, 243.652344, 1020.019531
-133.544922, 254.882812, 1060.058594
-198.974609, 209.960938, 1141.601562
-352.783203, 238.281250, 1156.738281
-447.509766, 273.437500, 1062.011719
-522.705078, 234.375000, 844.726562
-480.712891, 193.359375, 636.230469
-417.236328, 156.250000, 429.199219
-202.392578, 75.195312, 310.546875
-28.564453, -32.958984, 523.437500
165.527344, -61.279297, 529.296875
314.941406, -152.099609, 1020.996094
491.699219, -156.005859, 1174.804688
319.335938, -339.599609, 1682.617188
423.828125, -257.568359, 1244.140625
175.292969, -304.443359, 1562.500000
120.117188, -311.279297, 1383.789062
-135.986328, -227.294922, 1533.691406
-241.455078, -203.857422, 1362.792969
-433.349609, -134.521484, 1491.699219
-504.150391, 14.648438, 1334.960938
-568.115234, 107.421875, 1319.824219
-567.138672, 173.828125, 1218.750000
-528.564453, 246.093750, 1047.851562
-509.033203, 247.070312, 882.812500
-480.712891, 189.941406, 716.796875
-434.326172, 143.066406, 542.968750
-363.525391, 73.730469, 560.546875
-,-,-
-582.275391, 340.820312, 1115.234375
-695.556641, 257.812500, 1071.289062
-447.998047, 187.500000, 756.835938
-279.052734, 146.484375, 531.250000
-198.974609, 19.531250, 381.347656
-188.232422, -112.060547, 124.511719
-126.708984, -308.837891, 469.238281
158.203125, -359.619141, 733.398438
370.117188, -175.537109, 1254.882812
531.738281, 73.730469, 1314.453125
432.617188, -104.248047, 1665.039062
273.925781, -151.123047, 1418.945312
33.691406, -161.865234, 1640.625000
55.175781, -206.787109, 1442.871094
50.781250, -190.673828, 1344.726562
-118.408203, -153.076172, 1444.824219
-126.708984, -121.826172, 1227.539062
-297.607422, -112.060547, 1231.445312
-427.490234, -96.435547, 1132.812500
-621.337891, -28.076172, 1248.046875
-657.470703, 46.875000, 1204.101562
-797.119141, 203.125000, 1233.886719
-720.947266, 253.906250, 1171.875000
-693.115234, 178.710938, 998.046875
-572.509766, 114.257812, 739.257812
-384.033203, -53.955078, 539.062500
-60.302734, -70.556641, 470.214844
194.824219, -83.740234, 383.300781
-,-,-
-149.169922, 87.890625, 926.757812
-260.498047, 265.136719, 812.011719
-492.431641, 337.402344, 841.796875
-682.373047, 480.468750, 776.367188
-806.884766, 254.882812, 738.281250
-657.958984, 132.812500, 714.843750
-408.447266, -18.310547, 538.085938
48.828125, -44.677734, 615.234375
280.761719, -110.107422, 555.175781
498.046875, -143.798828, 947.265625
640.136719, -272.216797, 1201.171875
437.500000, -329.833984, 1506.835938
374.511719, -291.259766, 1328.613281
205.078125, -366.943359, 1553.710938
87.402344, -337.158203, 1460.937500
-6.103516, -238.037109, 1281.250000
-172.119141, -251.708984, 1217.773438
-276.123047, -231.201172, 1285.156250
-408.447266, -168.212891, 1258.789062
-512.939453, -84.716797, 1348.632812
-594.482422, -17.333984, 1301.757812
-659.423828, 29.296875, 1290.039062
-727.783203, 96.679688, 1011.718750
-781.494141, 117.187500, 952.148438
-836.669922, 63.476562, 803.710938
-798.583984, 122.558594, 642.089844
-571.044922, 33.203125, 523.437500
-280.517578, 27.343750, 502.929688
15.136719, 51.757812, 501.953125
403.808594, 107.910156, 603.515625
-,-,-
-153.076172, 156.250000, 1008.789062
-218.505859, 185.546875, 1008.789062
-289.794922, 286.621094, 1155.761719
-358.642578, 273.437500, 1079.101562
-479.248047, 196.289062, 858.398438
-465.576172, 159.179688, 655.273438
-408.447266, 73.242188, 480.468750
-145.751953, 51.757812, 474.609375
0.000000, -35.888672, 471.679688
311.523438, -112.060547, 665.039062
323.242188, -181.396484, 936.523438
467.773438, -345.947266, 1168.945312
458.496094, -467.529297, 1269.042969
347.656250, -328.857422, 1300.781250
429.687500, -197.021484, 1516.601562
543.457031, -34.912109, 1501.953125
284.667969, 32.226562, 1629.882812
-11.962891, 19.042969, 1515.625000
-265.380859, -164.794922, 1579.589844
-332.763672, -143.798828, 1417.968750
-435.791016, -16.357422, 1375.976562
-450.927734, 50.781250, 1222.656250
-622.314453, 164.062500, 1111.816406
-739.501953, 181.640625, 1035.156250
-689.208984, 166.015625, 895.996094
-515.869141, 35.156250, 566.406250
-261.474609, -83.740234, 420.898438
-,-,-
-143.798828, 190.917969, 1048.828125
-266.357422, 284.179688, 958.007812
-357.666016, 306.640625, 966.796875
-553.466797, 213.378906, 868.164062
-458.251953, 97.656250, 888.183594
-367.431641, -2.197266, 637.207031
-119.384766, 2.929688, 456.054688
73.730469, -118.408203, 546.875000
245.605469, -211.669922, 725.097656
373.535156, -329.833984, 826.171875
315.917969, -429.931641, 1166.015625
273.925781, -416.748047, 1298.828125
299.804688, -405.029297, 1702.148438
413.574219, -403.076172, 1286.621094
418.945312, -254.638672, 1290.039062
272.949219, -216.064453, 1224.609375
86.914062, -283.935547, 1305.664062
-1.708984, -370.849609, 1141.601562
-172.607422, -440.185547, 1247.070312
-294.677734, -423.583984, 1188.476562
-435.791016, -202.880859, 1220.703125
-573.486328, -77.880859, 1291.015625
-656.005859, 71.777344, 1289.062500
-659.423828, 128.906250, 1143.066406
-732.177734, 184.570312, 1121.093750
-607.666016, 144.531250, 936.035156
-505.126953, 70.312500, 636.230469
-333.251953, -27.587891, 535.156250
-25.634766, -164.794922, 354.492188
242.187500, -189.697266, 459.960938
333.984375, -164.794922, 708.984375
-,-,-
-262.939453, 143.066406, 893.066406
-456.787109, 187.988281, 963.867188
-502.685547, 208.007812, 921.875000
-542.724609, 212.890625, 919.921875
-435.302734, 131.835938, 825.683594
-261.474609, 55.664062, 679.687500
-69.091797, -15.380859, 584.960938
154.296875, -104.248047, 559.570312
186.523438, -295.654297, 737.304688
486.328125, -341.064453, 931.640625
328.613281, -439.208984, 1286.132812
395.019531, -381.103516, 1313.476562
259.277344, -412.353516, 1501.953125
290.527344, -309.814453, 1464.843750
102.539062, -236.083984, 1371.093750
-30.029297, -253.662109, 1443.359375
-228.271484, -174.560547, 1397.460938
-350.341797, -142.822266, 1423.828125
-595.458984, -135.498047, 1428.710938
-700.439453, -101.318359, 1256.835938
-811.767578, -49.072266, 1181.640625
-771.728516, 21.972656, 943.359375
-707.275391, 99.609375, 791.992188
-722.900391, 12.695312, 631.347656
-673.095703, -114.013672, 416.015625
-426.025391, -149.658203, 650.390625
93.261719, -61.279297, 544.921875
383.789062, 76.660156, 724.121094
-,-,-
-369.873047, 297.851562, 910.156250
-366.455078, 208.984375, 791.992188
-387.939453, 70.800781, 775.390625
-294.677734, 43.945312, 751.953125
-198.486328, -56.396484, 782.226562
-59.326172, -127.197266, 670.898438
19.531250, -203.857422, 963.867188
293.945312, -137.451172, 914.062500
387.695312, -145.263672, 996.093750
423.828125, -196.533203, 1043.945312
383.300781, -197.998047, 1310.546875
244.140625, -201.904297, 1352.539062
122.070312, -299.560547, 1286.132812
43.457031, -261.474609, 1453.125000
-138.427734, -292.236328, 1390.625000
-307.373047, -298.583984, 1300.781250
-441.162109, -172.607422, 1333.984375
-570.556641, -234.130859, 1246.093750
-604.736328, -139.404297, 1177.734375
-573.486328, -144.775391, 1046.875000
-583.251953, -37.841797, 958.007812
-494.384766, -56.396484, 802.246094
-516.845703, -22.705078, 839.843750
-542.724609, 31.250000, 810.058594
-511.962891, 82.031250, 755.859375
-512.939453, 161.132812, 862.792969
-461.181641, 136.718750, 827.148438
-418.701172, 96.191406, 863.281250
-293.212891, 106.445312, 960.937500
-180.419922, 23.925781, 910.156250
-67.626953, -12.451172, 893.066406
-74.951172, -38.818359, 784.179688
-121.826172, 34.179688, 741.210938
27.343750, -121.337891, 682.128906
-,-,-
-184.814453, 219.238281, 1007.812500
-352.783203, 191.894531, 910.156250
-462.646484, 250.976562, 748.046875
-639.404297, 167.480469, 798.828125
-560.791016, 29.296875, 675.292969
-317.626953, 41.015625, 725.097656
-96.435547, 35.156250, 760.742188
57.617188, -62.255859, 715.820312
184.082031, -76.904297, 813.964844
321.777344, -147.705078, 899.414062
343.750000, -125.244141, 1052.734375
302.734375, -205.810547, 1231.445312
147.949219, -261.474609, 1539.062500
110.839844, -443.115234, 1352.539062
-59.326172, -525.146484, 1503.906250
-34.423828, -578.857422, 1307.128906
-223.876953, -625.244141, 1191.894531
-147.705078, -410.400391, 1137.207031
-216.064453, -353.271484, 1066.894531
-309.326172, -275.146484, 1061.035156
-405.517578, -135.498047, 1122.070312
-499.755859, -82.763672, 1076.171875
-663.818359, -22.705078, 1213.867188
-668.212891, 31.250000, 1029.296875
-658.935547, 27.343750, 949.218750
-,-,-
-186.767578, 188.476562, 1006.835938
-297.119141, 205.078125, 1026.367188
-429.443359, 283.203125, 935.058594
-520.751953, 264.160156, 907.226562
-547.607422, 227.539062, 865.234375
-487.060547, 169.921875, 783.203125
-383.056641, 91.796875, 703.125000
-285.888672, 32.226562, 655.273438
-142.822266, -32.958984, 591.308594
51.757812, -100.830078, 665.039062
199.218750, -163.818359, 727.539062
331.542969, -237.548828, 802.734375
448.242188, -253.662109, 721.191406
291.992188, -288.330078, 1234.863281
291.503906, -358.154297, 1590.820312
317.382812, -422.607422, 1608.398438
168.945312, -624.267578, 1592.773438
201.660156, -531.005859, 1314.453125
24.902344, -447.998047, 1211.914062
-89.599609, -389.892578, 1120.117188
-399.658203, -300.537109, 1208.984375
-579.833984, -157.958984, 1358.886719
-736.083984, -121.337891, 1276.855469
-741.943359, -9.521484, 1189.453125
-713.623047, -20.263672, 1030.273438
-649.169922, -29.052734, 893.066406
-575.927734, 51.757812, 693.359375
-425.048828, 32.226562, 622.070312
-383.544922, 23.437500, 545.898438
-305.908203, 20.019531, 498.046875
-109.130859, -22.705078, 602.539062
145.996094, -43.701172, 782.226562
382.324219, 12.695312, 1204.101562
-,-,-
-52.490234, 256.835938, 1026.367188
-0.244141, 237.792969, 1003.906250
-150.634766, 281.250000, 1043.945312
-378.662109, 412.109375, 1039.062500
-703.857422, 436.523438, 987.304688
-676.513672, 316.406250, 792.968750
-461.669922, 150.390625, 592.773438
-272.216797, -19.287109, 398.437500
-25.634766, -50.048828, 279.296875
121.093750, -133.544922, 387.695312
302.734375, -221.435547, 695.312500
434.570312, -350.341797, 1291.992188
522.460938, -572.998047, 1632.812500
446.289062, -614.990234, 1693.359375
491.210938, -451.904297, 1517.578125
206.542969, -362.548828, 1498.046875
163.085938, -265.380859, 1154.296875
-10.986328, -164.794922, 1108.886719
-162.353516, -105.224609, 1117.187500
-276.123047, -10.498047, 1259.765625
-404.541016, 191.894531, 1337.890625
-422.607422, 83.984375, 1460.449219
-438.720703, 64.453125, 1315.429688
-454.345703, 9.765625, 1288.085938
-648.193359, 85.937500, 1145.019531
-783.447266, 21.972656, 1059.082031
-842.529297, -60.302734, 911.132812
-721.923828, 34.179688, 628.906250
-442.138672, -57.373047, 459.472656
23.925781, 38.085938, 305.664062
270.996094, 86.914062, 375.000000
416.992188, 23.925781, 610.351562
488.281250, -1.708984, 748.046875
-,-,-
-195.556641, 345.703125, 891.113281
-239.013672, 340.332031, 886.718750
-353.271484, 413.085938, 894.042969
-487.060547, 405.761719, 813.476562
-552.490234, 359.863281, 782.226562
-555.908203, 283.691406, 729.003906
-367.919922, 139.648438, 538.085938
-204.833984, -13.427734, 446.289062
173.339844, -138.427734, 418.945312
423.828125, -366.943359, 583.984375
672.851562, -351.318359, 1048.828125
645.996094, -494.873047, 1437.500000
641.601562, -560.302734, 1535.644531
392.578125, -588.623047, 1751.464844
72.265625, -649.658203, 1868.652344
-24.169922, -541.748047, 1492.675781
-207.275391, -261.962891, 1463.867188
-332.275391, -147.705078, 1248.046875
-435.302734, 56.640625, 1135.742188
-501.220703, 123.535156, 1204.101562
-590.087891, 66.406250, 1122.070312
-778.076172, 50.292969, 1236.816406
-825.439453, -88.623047, 1195.800781
-775.146484, -73.974609, 917.968750
-719.482422, -50.537109, 721.191406
-553.466797, 23.437500, 472.656250
-296.630859, 10.742188, 487.304688
-114.990234, -40.771484, 504.882812
140.136719, -137.451172, 725.097656
-,-,-
-253.173828, 254.882812, 1086.914062
-443.603516, 295.898438, 1041.992188
-489.013672, 298.828125, 877.929688
-450.439453, 272.460938, 798.828125
-308.837891, 127.929688, 560.546875
-119.873047, -31.005859, 316.406250
100.585938, -238.037109, 259.765625
368.164062, -489.013672, 402.343750
560.058594, -765.380859, 853.027344
668.945312, -827.880859, 1383.789062
614.746094, -683.349609, 1378.906250
537.597656, -534.912109, 1394.531250
316.406250, -597.412109, 1644.531250
118.652344, -614.013672, 1832.519531
-35.888672, -664.306641, 1554.687500
-49.560547, -532.958984, 1261.718750
-178.955078, -382.080078, 1090.820312
-322.021484, -313.232422, 1117.187500
-608.154297, -113.037109, 1156.738281
-740.478516, -52.490234, 1138.671875
-798.583984, -4.638672, 1075.683594
-745.361328, 78.125000, 889.648438
-491.943359, 63.476562, 794.921875
-538.818359, -10.498047, 714.843750
-441.162109, -10.498047, 602.539062
-219.970703, -92.529297, 497.070312
31.250000, -155.029297, 536.132812
489.257812, -121.337891, 495.117188
-,-,-
-318.603516, 213.867188, 996.093750
-351.318359, 238.281250, 895.019531
-388.916016, 207.031250, 720.703125
-381.591797, 119.628906, 672.851562
-268.798828, 46.386719, 512.207031
-80.322266, 13.671875, 463.867188
37.597656, -180.419922, 524.414062
245.117188, -282.958984, 612.304688
282.226562, -398.193359, 1006.835938
302.246094, -499.755859, 1476.562500
321.777344, -642.333984, 1638.671875
167.480469, -619.873047, 1681.640625
271.484375, -495.849609, 1537.109375
101.562500, -322.998047, 1415.039062
-9.521484, -452.880859, 1270.019531
-107.177734, -405.029297, 1200.195312
-244.873047, -377.197266, 1105.468750
-415.283203, -318.115234, 1118.164062
-576.416016, -278.076172, 1144.042969
-683.349609, -263.427734, 1140.625000
-775.146484, -176.513672, 1127.929688
-776.123047, -168.212891, 1032.226562
-661.376953, -55.419922, 882.812500
-618.896484, -105.224609, 854.003906
-360.107422, -92.529297, 649.414062
-281.494141, -68.603516, 545.410156
-153.076172, -74.462891, 482.421875
4.394531, -93.505859, 572.265625
249.511719, -65.185547, 728.515625
-,-,-
-47.607422, 220.214844, 954.101562
-238.037109, 260.253906, 998.046875
-430.908203, 313.476562, 1032.226562
-557.373047, 229.492188, 840.820312
-500.244141, 151.367188, 604.492188
-240.478516, 72.753906, 409.179688
-15.380859, 7.812500, 329.101562
148.437500, -121.826172, 344.726562
269.531250, -317.138672, 676.757812
442.382812, -323.974609, 972.656250
318.847656, -507.568359, 1500.000000
390.136719, -606.201172, 1636.718750
267.089844, -647.705078, 1742.187500
259.765625, -525.146484, 1559.570312
180.664062, -504.150391, 1322.753906
52.734375, -418.701172, 1259.765625
-25.146484, -451.904297, 1103.515625
-143.310547, -507.568359, 1071.289062
-343.994141, -384.521484, 1118.164062
-518.310547, -297.607422, 1169.921875
-643.798828, -193.603516, 1141.601562
-730.224609, -156.982422, 1153.320312
-617.919922, -138.427734, 977.539062
-637.451172, -119.384766, 936.035156
-563.720703, -94.482422, 823.242188
-509.521484, -70.556641, 778.320312
-375.244141, -73.486328, 715.820312
-262.939453, -104.248047, 674.804688
-103.271484, -93.505859, 602.539062
162.597656, -82.763672, 582.031250
368.652344, -69.580078, 684.570312
427.734375, -19.287109, 913.085938
388.671875, -39.794922, 1124.023438
-,-,-
-489.990234, 271.484375, 992.187500
-683.837891, 300.781250, 943.359375
-780.029297, 291.992188, 782.226562
-667.236328, 233.398438, 563.476562
-462.158203, 168.457031, 462.890625
-162.841797, 64.453125, 288.085938
30.761719, -34.912109, 373.046875
128.417969, -206.787109, 586.914062
210.937500, -417.724609, 849.609375
175.781250, -530.517578, 1327.636719
237.792969, -524.169922, 1516.601562
187.500000, -459.228516, 1545.898438
153.320312, -361.572266, 1478.027344
68.359375, -303.955078, 1376.953125
-79.345703, -290.283203, 1361.816406
-69.091797, -351.318359, 1160.156250
-139.892578, -328.857422, 1173.828125
-199.951172, -311.767578, 1075.195312
-287.841797, -297.607422, 1100.585938
-412.841797, -226.318359, 1098.632812
-560.791016, -160.888672, 1184.570312
-612.548828, -50.537109, 1160.156250
-727.783203, -70.556641, 1166.992188
-734.619141, -137.451172, 1155.273438
-703.857422, -153.076172, 960.937500
-634.521484, -52.490234, 732.421875
-514.892578, -27.099609, 612.304688
-364.501953, 13.671875, 471.679688
-118.408203, 71.289062, 481.445312
13.671875, 51.269531, 534.179688
142.578125, 48.339844, 692.382812
146.484375, -21.240234, 906.250000
105.468750, -79.833984, 1085.937500
88.378906, -78.857422, 1178.710938
9.277344, -79.833984, 1242.187500
-34.912109, -52.490234, 1206.054688
-,-,-
-317.138672, 311.523438, 918.945312
-446.044922, 414.062500, 928.710938
-580.810547, 399.414062, 916.015625
-654.052734, 354.492188, 816.406250
-648.193359, 279.296875, 651.367188
-515.869141, 204.101562, 497.070312
-278.076172, 140.136719, 372.070312
-77.392578, 84.472656, 304.687500
72.753906, -109.130859, 451.171875
148.437500, -371.826172, 698.242188
272.460938, -558.349609, 1084.960938
266.601562, -749.267578, 1408.691406
206.542969, -939.208984, 1627.929688
365.234375, -684.326172, 1344.726562
166.503906, -550.537109, 1403.320312
165.039062, -353.271484, 1244.140625
68.847656, -261.962891, 1154.785156
-199.951172, -268.798828, 1191.894531
-303.955078, -312.744141, 1229.980469
-435.791016, -161.865234, 1210.937500
-372.314453, -110.107422, 1152.832031
-307.861328, -56.396484, 1027.343750
-244.384766, 35.156250, 1086.914062
-309.814453, -31.005859, 937.011719
-446.044922, -97.900391, 1048.828125
-661.376953, -258.544922, 1232.910156
-842.041016, -285.888672, 1262.695312
-772.705078, -321.044922, 1121.093750
-584.228516, -224.365234, 890.625000
-368.896484, -174.560547, 666.992188
-64.208984, -71.533203, 451.171875
184.082031, 23.925781, 396.972656
345.214844, 104.492188, 497.070312
365.722656, 132.812500, 790.039062
-,-,-
-284.423828, 288.574219, 1018.554688
-411.865234, 268.554688, 958.984375
-488.525391, 292.968750, 929.687500
-520.263672, 198.242188, 833.007812
-450.439453, 141.601562, 695.312500
-338.134766, 37.109375, 585.937500
-163.330078, 2.441406, 500.976562
-14.404297, 1.953125, 429.687500
205.566406, -141.845703, 689.453125
274.902344, -250.732422, 929.199219
387.207031, -356.689453, 1191.894531
233.886719, -637.451172, 1495.605469
297.363281, -604.248047, 1482.421875
175.781250, -580.810547, 1547.851562
117.675781, -549.072266, 1283.691406
-36.376953, -460.205078, 1243.652344
-88.623047, -356.201172, 1133.789062
-275.634766, -272.705078, 1034.667969
-474.853516, -187.255859, 1057.617188
-564.208984, -109.130859, 1043.945312
-558.837891, -73.486328, 1073.242188
-632.080078, -80.810547, 1104.980469
-677.978516, -55.419922, 1076.171875
-726.318359, -47.607422, 921.875000
-677.978516, -32.958984, 795.898438
-612.548828, -8.544922, 710.937500
-511.474609, -10.498047, 614.257812
-367.431641, -7.568359, 545.898438
-72.021484, 43.945312, 579.101562
87.402344, 47.363281, 657.226562
200.683594, -22.705078, 871.093750
273.437500, -43.701172, 1040.039062
-,-,-
-157.958984, 139.160156, 1096.679688
-288.330078, 178.710938, 1009.765625
-480.224609, 284.179688, 958.984375
-649.169922, 289.062500, 839.843750
-706.298828, 270.507812, 723.144531
-665.771484, 204.101562, 625.000000
-494.384766, 149.414062, 459.960938
-323.974609, 67.382812, 431.640625
-134.033203, -13.427734, 409.179688
-1.708984, -160.888672, 576.171875
161.621094, -359.130859, 862.304688
336.914062, -464.599609, 1241.210938
374.511719, -533.935547, 1444.335938
251.464844, -731.201172, 1479.492188
241.210938, -599.853516, 1496.093750
190.917969, -589.599609, 1355.468750
-9.033203, -653.076172, 1336.425781
-108.154297, -495.361328, 1246.093750
-287.841797, -352.294922, 1283.691406
-398.193359, -243.896484, 1214.843750
-388.427734, -162.841797, 1079.101562
-528.564453, -127.685547, 1024.902344
-617.431641, -98.876953, 1020.996094
-706.298828, -97.900391, 900.878906
-788.818359, -72.021484, 864.257812
-802.001953, -84.716797, 821.289062
-714.599609, -90.576172, 716.796875
-593.994141, -47.119141, 639.648438
-410.400391, 0.488281, 541.015625
-210.205078, -12.451172, 633.300781
-22.705078, 37.109375, 681.152344
94.238281, 62.500000, 829.101562
169.921875, -20.263672, 985.351562
169.433594, -73.974609, 1114.257812
-,-,-
-330.322266, 156.250000, 969.726562
-437.744141, 253.906250, 939.941406
-559.814453, 285.156250, 955.078125
-608.154297, 217.773438, 938.964844
-580.322266, 151.367188, 874.023438
-470.947266, 34.179688, 710.937500
-265.869141, -27.099609, 530.273438
-215.576172, -117.431641, 419.921875
59.570312, -245.849609, 400.390625
121.582031, -374.755859, 611.328125
224.609375, -528.564453, 1029.296875
269.042969, -570.068359, 1263.671875
136.718750, -803.466797, 1496.582031
219.238281, -655.029297, 1447.753906
142.578125, -576.416016, 1517.578125
4.394531, -493.896484, 1454.101562
-95.947266, -446.044922, 1399.902344
-188.232422, -359.619141, 1269.531250
-321.044922, -258.544922, 1125.000000
-393.798828, -193.603516, 943.359375
-577.880859, -109.130859, 994.140625
-619.384766, -42.724609, 909.179688
-833.251953, -34.912109, 1027.343750
-897.216797, -104.248047, 1041.992188
-874.267578, -35.888672, 926.757812
-798.583984, 2.441406, 840.820312
-673.095703, 26.367188, 751.464844
-504.638672, -4.638672, 681.152344
-343.017578, -24.658203, 600.585938
-85.693359, -29.052734, 600.585938
102.539062, -14.404297, 690.429688
157.714844, -4.638672, 795.898438
148.437500, -39.794922, 884.765625
32.714844, -38.818359, 1035.156250
-,-,-
-434.814453, 264.160156, 1095.703125
-641.357422, 236.328125, 1011.718750
-642.333984, 274.414062, 750.976562
-657.470703, 314.453125, 625.000000
-575.439453, 309.570312, 532.226562
-463.623047, 263.183594, 544.921875
-368.408203, 164.062500, 582.031250
-209.716797, 41.015625, 486.328125
-135.009766, -133.544922, 468.261719
64.453125, -322.998047, 606.445312
176.757812, -384.521484, 701.171875
118.164062, -438.232422, 1166.992188
263.671875, -478.271484, 1305.664062
64.941406, -519.287109, 1549.804688
60.058594, -559.326172, 1527.343750
-74.951172, -473.388672, 1508.789062
-90.087891, -280.517578, 1397.460938
-178.955078, -138.427734, 1344.726562
-243.408203, -44.189453, 1220.703125
-305.419922, -61.279297, 1274.902344
-354.248047, -22.705078, 1224.609375
-447.998047, -125.732422, 1209.960938
-531.982422, -156.982422, 1122.070312
-599.853516, -143.798828, 1004.882812
-703.857422, -124.267578, 962.890625
-765.869141, -132.568359, 908.203125
-740.966797, -90.576172, 796.875000
-611.572266, -19.287109, 638.183594
-516.845703, -31.982422, 680.175781
-287.353516, 21.484375, 561.523438
-234.619141, -1.220703, 651.367188
-80.810547, -17.333984, 650.390625
87.890625, -0.732422, 742.187500
182.128906, 10.742188, 908.203125
-,-,-
-146.728516, 63.476562, 1131.835938
-17.333984, 54.687500, 1222.656250
-76.904297, 35.156250, 1138.671875
-240.478516, 105.468750, 993.164062
-525.634766, 208.984375, 838.867188
-668.701172, 254.882812, 720.703125
-839.111328, 268.066406, 686.035156
-776.611328, 254.882812, 644.531250
-725.341797, 245.117188, 649.414062
-644.287109, 167.480469, 523.437500
-447.509766, 61.523438, 421.386719
-250.732422, -19.775391, 386.718750
80.078125, -96.923828, 518.554688
185.058594, -195.068359, 688.476562
347.656250, -420.654297, 1021.972656
230.468750, -552.978516, 1340.820312
342.285156, -691.162109, 1551.757812
167.480469, -581.787109, 1624.511719
104.492188, -447.021484, 1541.992188
-14.404297, -292.724609, 1475.585938
-168.212891, -263.916016, 1495.605469
-205.810547, -225.341797, 1319.824219
-320.068359, -216.064453, 1182.617188
-525.634766, -101.318359, 1096.679688
-707.763672, -22.216797, 1030.273438
-771.240234, 2.441406, 1021.972656
-853.271484, 37.109375, 916.992188
-804.443359, 85.937500, 862.304688
-716.552734, 104.492188, 864.257812
-530.029297, -13.427734, 854.003906
-407.958984, -33.935547, 885.742188
-329.833984, -34.912109, 766.113281
-243.408203, -14.404297, 665.039062
-111.083984, 15.625000, 607.421875
-65.185547, 38.085938, 577.148438
18.554688, 34.179688, 772.460938
152.343750, 8.300781, 908.203125
142.578125, -67.626953, 1071.289062
-,-,-
-358.154297, 87.890625, 954.101562
-479.248047, 193.847656, 908.203125
-621.337891, 265.625000, 799.804688
-821.533203, 304.687500, 741.210938
-781.494141, 287.597656, 651.367188
-557.373047, 149.414062, 477.539062
-257.080078, 43.457031, 377.441406
-174.072266, -79.833984, 441.406250
-106.689453, -302.490234, 346.191406
-190.673828, -446.044922, 851.074219
-219.970703, -479.736328, 1304.687500
-103.271484, -493.896484, 1605.957031
146.484375, -512.451172, 1621.582031
214.355469, -395.263672, 1469.726562
190.917969, -279.052734, 1344.726562
-14.404297, -314.208984, 1231.445312
-29.052734, -367.919922, 1174.804688
-244.873047, -293.701172, 1116.210938
-354.736328, -292.724609, 1178.710938
-381.103516, -272.216797, 1105.957031
-468.017578, -155.029297, 1067.871094
-533.447266, -114.013672, 1065.917969
-678.466797, -66.162109, 1093.750000
-736.083984, -71.044922, 1009.765625
-891.357422, -70.068359, 1059.570312
-803.955078, -144.775391, 1008.789062
-710.205078, -105.224609, 878.906250
-645.751953, -90.576172, 803.710938
-411.865234, -107.177734, 686.035156
-187.255859, -68.115234, 557.617188
-25.634766, -91.552734, 536.132812
126.953125, -114.013672, 582.031250
135.742188, 34.179688, 750.976562
86.425781, 72.753906, 922.851562
-,-,-
-229.248047, 217.773438, 731.445312
-272.216797, 174.804688, 853.515625
-373.291016, 192.871094, 965.820312
-528.076172, 161.132812, 978.027344
-618.896484, 3.417969, 1015.625000
-475.830078, 0.488281, 852.050781
-329.345703, -70.068359, 653.320312
-151.123047, -117.919922, 488.281250
1.464844, -169.189453, 470.703125
164.550781, -281.005859, 629.394531
192.382812, -362.060547, 900.390625
225.585938, -567.138672, 1302.734375
145.019531, -559.326172, 1353.515625
134.277344, -595.947266, 1482.421875
47.851562, -541.748047, 1477.539062
47.851562, -562.255859, 1379.882812
-66.650391, -350.341797, 1344.726562
-171.142578, -470.458984, 1208.007812
-322.998047, -397.216797, 1126.953125
-467.529297, -381.591797, 1023.925781
-592.529297, -241.455078, 1060.546875
-663.818359, -164.306641, 979.980469
-801.513672, -152.099609, 1037.109375
-812.255859, -127.685547, 1040.039062
-797.119141, -105.224609, 971.679688
-710.205078, -105.224609, 862.304688
-564.208984, -64.208984, 679.199219
-357.177734, -30.029297, 499.023438
-153.076172, 24.414062, 451.171875
76.171875, 88.867188, 492.187500
162.597656, 15.625000, 736.328125
164.062500, -42.724609, 893.066406
146.484375, -71.533203, 1029.296875
-,-,-
-201.416016, 28.320312, 1116.210938
-388.427734, 84.960938, 1035.156250
-525.146484, 194.335938, 947.265625
-639.404297, 220.703125, 876.953125
-689.208984, 194.824219, 726.074219
-618.896484, 214.355469, 638.183594
-455.810547, 190.429688, 462.890625
-325.439453, 143.066406, 427.734375
-166.259766, -87.646484, 419.921875
-39.794922, -286.376953, 501.953125
0.000000, -422.607422, 791.992188
142.089844, -533.935547, 1073.242188
289.062500, -551.025391, 1296.875000
408.691406, -610.107422, 1459.960938
328.613281, -533.447266, 1491.699219
287.109375, -410.888672, 1406.738281
108.398438, -358.154297, 1421.875000
-59.814453, -321.044922, 1360.351562
-96.923828, -213.134766, 1314.453125
-280.029297, -97.900391, 1180.664062
-427.001953, -7.568359, 1141.601562
-476.806641, -105.224609, 1104.980469
-639.404297, -85.693359, 1104.980469
-733.154297, -161.865234, 1075.195312
-861.572266, -110.107422, 1008.789062
-835.205078, -37.841797, 903.320312
-742.431641, 100.585938, 716.796875
-569.091797, 37.109375, 686.523438
-362.548828, 30.273438, 574.218750
-86.181641, 82.031250, 426.269531
52.734375, 44.921875, 578.125000
194.335938, 11.718750, 634.277344
210.449219, -43.701172, 764.160156
122.070312, -58.349609, 1006.835938
80.078125, -37.841797, 1066.894531
21.972656, -70.068359, 1225.585938
-,-,-
-315.185547, 205.078125, 957.031250
-460.205078, 187.500000, 910.156250
-498.291016, 257.812500, 781.250000
-582.275391, 118.164062, 705.078125
-419.677734, -3.662109, 616.210938
-295.654297, -82.763672, 522.460938
30.273438, -159.912109, 497.070312
78.613281, -237.548828, 607.421875
223.144531, -299.560547, 857.421875
376.464844, -453.369141, 1122.070312
311.523438, -525.146484, 1302.734375
378.906250, -564.208984, 1495.605469
247.070312, -524.169922, 1625.976562
192.382812, -458.251953, 1559.570312
-8.544922, -450.927734, 1483.398438
-4.150391, -372.802734, 1276.855469
-67.138672, -311.279297, 925.781250
-181.396484, -339.599609, 1012.695312
-315.185547, -227.294922, 1038.085938
-482.666016, -166.748047, 1155.273438
-536.865234, -60.302734, 1125.976562
-648.193359, -34.912109, 1160.156250
-648.193359, -19.287109, 1047.851562
-637.939453, -50.537109, 965.820312
-677.978516, -84.716797, 875.000000
-584.716797, -68.603516, 731.445312
-465.576172, -45.654297, 620.117188
-242.919922, 43.945312, 280.273438
-118.896484, -3.662109, 493.164062
68.359375, -51.513672, 605.468750
198.730469, -43.701172, 740.234375
-,-,-
-358.642578, 262.207031, 905.273438
-593.017578, 312.011719, 917.968750
-769.287109, 365.234375, 815.429688
-879.150391, 337.890625, 747.070312
-811.279297, 238.769531, 666.015625
-606.689453, 151.367188, 564.453125
-404.052734, 83.984375, 447.265625
-184.814453, -82.763672, 306.640625
-11.474609, -282.958984, 266.601562
188.476562, -510.498047, 526.367188
210.449219, -650.634766, 1077.148438
375.976562, -595.458984, 1454.589844
208.496094, -465.576172, 1845.703125
386.230469, -404.541016, 1680.664062
270.507812, -280.029297, 1694.335938
117.187500, -204.833984, 1562.500000
-145.751953, -275.146484, 1481.445312
-297.119141, -240.478516, 1276.855469
-351.318359, -196.044922, 1044.921875
-385.498047, -53.466797, 874.023438
-472.412109, 83.984375, 916.992188
-502.685547, 59.570312, 1029.296875
-682.861328, 9.765625, 1078.125000
-777.587891, -48.095703, 1066.894531
-782.470703, -86.669922, 1078.125000
-733.154297, -128.662109, 893.066406
-707.763672, -103.271484, 861.328125
-655.029297, -129.638672, 721.191406
-478.759766, -120.361328, 587.890625
-335.693359, -77.880859, 579.101562
-64.697266, -94.970703, 586.914062
136.718750, -0.244141, 565.429688
-,-,-
-167.236328, 299.804688, 831.054688
-229.736328, 330.078125, 850.097656
-262.451172, 392.578125, 801.757812
-404.541016, 399.414062, 782.226562
-459.228516, 501.953125, 660.156250
-482.666016, 427.734375, 578.125000
-406.005859, 259.765625, 581.054688
-131.103516, 131.835938, 568.359375
58.593750, 39.062500, 584.960938
292.968750, 3.417969, 781.738281
431.640625, -79.833984, 958.007812
395.996094, -173.583984, 1298.828125
246.582031, -271.240234, 1520.507812
148.925781, -275.146484, 1678.710938
-25.146484, -258.544922, 1693.359375
-117.431641, -122.802734, 1588.867188
-214.599609, -82.763672, 1387.695312
-268.798828, -38.818359, 1180.664062
-321.044922, 25.878906, 1046.875000
-416.748047, 86.914062, 1048.828125
-546.630859, 112.304688, 1058.593750
-738.037109, 138.671875, 1174.804688
-841.064453, 122.558594, 1228.515625
-856.201172, 41.992188, 1075.195312
-760.498047, 50.781250, 916.992188
-584.228516, 107.421875, 689.453125
-428.466797, 128.906250, 471.679688
-256.591797, 168.457031, 392.578125
-58.349609, 109.375000, 431.640625
135.742188, 119.628906, 530.273438
208.984375, 106.445312, 798.828125
-,-,-
-246.337891, 353.515625, 946.777344
-374.267578, 399.414062, 946.289062
-390.869141, 335.449219, 928.710938
-431.884766, 250.976562, 818.359375
-392.822266, 144.042969, 569.335938
-411.865234, 145.507812, 481.445312
-357.177734, 45.898438, 541.015625
-81.298828, -185.302734, 526.367188
107.910156, -221.435547, 598.632812
409.179688, -214.111328, 910.156250
434.570312, -174.560547, 1301.757812
520.996094, -172.119141, 1291.503906
456.542969, -168.212891, 1466.796875
347.656250, -155.029297, 1479.492188
218.261719, -223.388672, 1570.312500
56.640625, -238.037109, 1481.933594
-138.427734, -179.443359, 1470.703125
-190.673828, -118.408203, 1341.796875
-361.083984, -121.826172, 1308.593750
-392.333984, 7.812500, 1263.671875
-495.849609, 50.292969, 1300.781250
-489.501953, 81.054688, 1232.910156
-531.982422, 167.480469, 1140.625000
-609.130859, 134.765625, 1011.718750
-603.759766, 207.031250, 820.312500
-665.771484, 145.507812, 809.082031
-579.345703, 116.699219, 645.996094
-349.365234, 166.503906, 542.968750
-217.529297, 42.968750, 546.875000
30.761719, -3.662109, 629.882812
253.906250, -27.099609, 657.226562
401.855469, -13.427734, 785.156250
-,-,-
-151.611328, 240.722656, 984.375000
-285.400391, 289.550781, 1007.812500
-438.232422, 370.117188, 890.625000
-525.146484, 269.531250, 722.656250
-421.142578, 283.203125, 577.148438
-300.537109, 167.480469, 559.570312
-61.767578, 6.835938, 507.812500
59.570312, -160.888672, 588.867188
197.265625, -222.412109, 844.726562
263.671875, -239.501953, 1034.179688
356.933594, -197.021484, 1267.578125
320.312500, -161.865234, 1398.437500
241.699219, -191.650391, 1489.746094
230.957031, -87.646484, 1455.078125
115.234375, -105.224609, 1483.398438
1.953125, -86.669922, 1374.023438
-174.560547, -68.603516, 1396.484375
-302.978516, -2.685547, 1343.750000
-392.333984, -32.958984, 1278.808594
-480.712891, 71.289062, 1298.828125
-581.298828, 99.609375, 1250.000000
-599.365234, 212.890625, 1097.656250
-649.658203, 219.726562, 1029.296875
-697.998047, 196.289062, 961.914062
-724.365234, 217.773438, 864.257812
-689.697266, 161.132812, 786.132812
-624.755859, 74.707031, 697.265625
-508.544922, 20.996094, 630.859375
-285.400391, -28.564453, 600.097656
-33.447266, -189.208984, 528.320312
292.968750, -82.763672, 698.242188
551.757812, -16.357422, 746.093750
542.480469, 55.664062, 867.187500
-,-,-
-41.748047, 183.593750, 1023.925781
-7.080078, 166.015625, 1026.367188
-132.080078, 250.976562, 1017.578125
-306.884766, 362.304688, 959.960938
-513.427734, 309.082031, 856.933594
-620.361328, 255.859375, 640.625000
-577.880859, 128.906250, 419.921875
-346.435547, 3.906250, 416.015625
-108.154297, -147.705078, 407.226562
118.652344, -324.951172, 515.625000
364.257812, -411.865234, 1032.226562
364.257812, -388.427734, 1329.101562
371.582031, -349.365234, 1599.609375
275.878906, -225.341797, 1630.859375
239.746094, -209.716797, 1559.570312
205.566406, -201.904297, 1336.914062
127.929688, -133.544922, 1277.832031
-10.498047, -94.482422, 1289.062500
-175.048828, -77.880859, 1284.179688
-243.896484, -1.708984, 1308.593750
-413.330078, -33.935547, 1254.882812
-594.970703, 12.695312, 1257.812500
-714.599609, 102.539062, 1227.050781
-756.103516, 203.125000, 1136.718750
-810.791016, 150.390625, 1094.726562
-692.138672, 130.859375, 889.648438
-583.251953, 101.562500, 834.960938
-538.330078, 89.843750, 753.417969
-395.751953, 21.972656, 622.070312
-274.169922, -26.123047, 666.992188
-144.775391, -26.123047, 593.750000
122.070312, -72.998047, 619.140625
333.007812, -82.763672, 663.085938
451.171875, -109.130859, 831.054688
