-,-,-
-28.564453, 61.523438, 700.195312
-47.607422, 64.453125, 419.921875
-81.298828, -65.185547, 324.218750
-178.466797, -272.216797, 189.453125
-37.841797, -353.271484, 580.078125
-24.658203, -25.634766, 725.097656
165.039062, 14.160156, 1526.855469
246.093750, 40.039062, 1722.656250
434.570312, 118.652344, 1999.755859
466.796875, 76.660156, 1999.755859
437.988281, -50.537109, 1999.755859
391.113281, -134.521484, 1879.394531
337.890625, -247.802734, 1498.046875
206.054688, -252.685547, 932.617188
113.281250, -163.818359, 305.175781
-53.466797, -20.751953, -57.373047
-,-,-
-4.150391, 48.828125, 796.875000
-42.724609, 30.273438, 581.054688
-22.705078, 34.179688, 288.085938
-37.841797, 59.570312, -31.005859
-122.802734, -6.591797, -15.380859
-86.669922, -48.095703, 524.414062
-40.771484, -55.419922, 1023.925781
23.925781, -59.814453, 1808.105469
138.671875, -175.537109, 1765.625000
156.738281, -31.005859, 1952.148438
233.886719, 66.894531, 1742.675781
175.781250, 22.460938, 1786.132812
201.660156, -118.408203, 1855.468750
157.714844, -196.044922, 1922.851562
139.160156, -213.623047, 1646.484375
104.492188, -188.720703, 1301.757812
120.605469, -126.708984, 1072.265625
52.734375, -33.935547, 536.132812
20.507812, -24.658203, 261.718750
107.421875, 63.964844, 91.308594
-,-,-
-31.005859, 0.976562, 902.343750
-89.111328, -81.787109, 780.273438
-159.912109, -23.681641, 563.476562
-125.244141, -84.716797, 131.835938
-361.083984, 175.292969, -1012.451172
-90.576172, 187.011719, -643.798828
136.718750, -528.564453, 1121.582031
-20.263672, -1243.896484, 1999.755859
617.675781, -429.931641, 1999.755859
743.164062, -105.224609, 1999.755859
675.292969, 7.812500, 1774.414062
620.605469, -59.326172, 1411.132812
569.335938, -96.923828, 1200.683594
377.929688, -360.595703, 1187.011719
148.925781, -411.376953, 782.226562
-2.685547, -78.857422, 265.625000
66.406250, 6.835938, 68.359375
-15.869141, 29.296875, 68.359375
-80.322266, 145.507812, 327.148438
-,-,-
-28.564453, 92.285156, 864.257812
-20.263672, 18.554688, 817.382812
-23.681641, 145.019531, 695.312500
9.765625, 48.828125, 454.101562
-105.712891, -2.685547, -104.248047
-424.072266, -62.255859, -449.951172
-135.498047, -281.005859, 419.433594
14.648438, -484.130859, 1639.648438
123.046875, -259.521484, 1980.468750
614.746094, 9.765625, 1999.755859
625.488281, 36.132812, 1935.546875
356.445312, 333.984375, 1289.550781
500.000000, 131.835938, 1303.710938
425.292969, 139.648438, 1792.968750
384.765625, 69.824219, 1975.585938
222.656250, -229.248047, 1878.417969
94.238281, -294.189453, 1382.324219
-48.583984, -63.232422, 582.031250
-156.494141, -24.169922, -85.205078
38.085938, 30.273438, -431.396484
-23.681641, 30.273438, -137.451172
-,-,-
-103.759766, 7.812500, 286.621094
-161.376953, -93.505859, 67.382812
-164.794922, -98.388672, -172.607422
-125.732422, -166.748047, -114.013672
-123.779297, -197.998047, 785.156250
-68.603516, -194.580078, 1593.750000
-50.048828, -214.111328, 1999.755859
117.675781, -13.427734, 1999.755859
201.171875, 76.171875, 1999.755859
415.527344, 70.800781, 1999.755859
339.355469, -104.248047, 1999.755859
328.613281, -285.400391, 1844.726562
150.878906, -247.802734, 1062.500000
82.031250, -309.814453, 537.109375
19.531250, -115.478516, -40.283203
-41.259766, 14.648438, -60.302734
50.292969, 32.226562, 117.675781
-52.001953, 145.507812, 256.347656
-151.123047, 55.664062, 667.968750
-,-,-
-111.572266, 97.656250, 785.156250
-83.251953, 117.187500, 624.023438
-65.185547, 113.281250, 380.371094
-156.494141, 18.554688, -81.298828
-121.826172, -208.740234, -240.966797
-221.435547, -445.068359, 270.507812
-146.240234, -454.833984, 1438.476562
-14.404297, -111.083984, 1999.755859
257.812500, 196.777344, 1726.562500
504.394531, 141.113281, 1939.453125
503.417969, 209.960938, 1683.593750
478.515625, 233.398438, 1778.320312
425.292969, 44.921875, 1923.828125
423.339844, -115.478516, 1910.156250
325.683594, -282.470703, 1572.265625
251.464844, -139.404297, 1107.910156
139.160156, -109.130859, 659.179688
-51.025391, -58.349609, 275.390625
-97.900391, -28.564453, 105.468750
-4.150391, 44.921875, 41.503906
-148.193359, 30.273438, 197.265625
-,-,-
16.113281, 31.250000, 458.984375
-10.986328, 133.789062, 263.671875
-30.029297, 112.304688, -107.177734
-197.021484, -55.419922, -1.220703
-194.091797, -465.576172, 400.390625
-303.955078, -459.228516, 1427.734375
77.148438, -98.388672, 1979.003906
224.609375, -23.681641, 1999.755859
421.386719, 366.210938, 1874.511719
395.507812, 383.300781, 1648.437500
318.359375, 262.207031, 1671.875000
336.425781, 70.312500, 1713.867188
252.441406, 11.718750, 1828.125000
216.796875, -258.544922, 1999.755859
56.640625, -341.552734, 1514.648438
-126.220703, -364.990234, 841.308594
-176.513672, -241.455078, 99.609375
-53.466797, -41.748047, -248.779297
75.195312, 28.320312, -163.330078
-34.423828, 32.226562, 133.789062
-,-,-
-91.552734, 183.593750, 871.093750
-83.251953, 135.742188, 805.664062
-86.669922, 140.136719, 551.757812
-97.412109, -37.841797, 170.410156
-72.021484, -84.716797, -6.591797
-154.052734, -217.041016, -104.248047
-155.517578, -271.240234, 363.281250
-239.501953, -256.591797, 1021.972656
-256.103516, 130.859375, 1937.500000
-26.123047, -78.857422, 1945.312500
127.441406, 25.390625, 1852.539062
218.261719, -72.509766, 1583.007812
291.503906, 19.042969, 1316.406250
194.824219, 77.148438, 1292.968750
199.218750, -46.142578, 1340.820312
83.496094, -221.435547, 1761.718750
71.777344, -150.146484, 1989.257812
119.628906, -137.451172, 1999.755859
123.535156, -229.248047, 1822.265625
32.226562, -163.818359, 989.746094
-30.029297, -147.216797, 283.203125
-23.681641, -118.896484, -355.224609
-,-,-
-121.826172, 120.605469, 724.121094
-139.892578, 151.367188, 441.406250
-121.826172, 172.851562, -154.052734
-124.267578, 0.000000, -221.435547
-173.583984, -226.318359, 201.171875
-373.779297, -321.044922, 944.335938
-227.294922, -100.830078, 1259.765625
-151.123047, -88.623047, 1883.789062
15.136719, -135.498047, 1999.755859
-51.513672, -261.962891, 1953.125000
349.121094, 311.035156, 1202.148438
368.164062, 235.351562, 1454.589844
386.230469, 23.925781, 1929.687500
191.406250, -239.501953, 1999.755859
207.519531, -282.958984, 1905.761719
68.847656, -138.427734, 1123.046875
-30.029297, -233.154297, 481.445312
37.109375, -192.626953, -71.044922
-27.587891, -21.728516, -239.013672
-192.138672, 72.753906, -142.333984
-131.103516, 70.800781, 166.503906
-,-,-
-50.048828, 26.367188, 461.914062
-180.908203, -17.333984, 205.078125
30.273438, -11.962891, -138.427734
-157.470703, -217.529297, 139.648438
-137.939453, -100.341797, 407.226562
-241.455078, -3.662109, 1337.890625
-374.267578, -74.462891, 1991.210938
36.132812, 36.132812, 1999.755859
463.378906, -123.291016, 1999.755859
509.765625, 6.835938, 1292.968750
402.343750, 196.289062, 914.062500
420.410156, 313.964844, 1060.058594
416.992188, 336.425781, 1525.390625
472.656250, 62.500000, 1999.755859
410.156250, -120.361328, 1999.755859
299.804688, -192.626953, 1730.468750
167.968750, -256.591797, 1086.914062
43.457031, -280.029297, 467.285156
-42.724609, -95.458984, -197.998047
-35.400391, 27.343750, -183.349609
-24.169922, 112.304688, 58.593750
-,-,-
-80.810547, 151.367188, 541.992188
-9.521484, 225.585938, 228.515625
-37.841797, 244.628906, 1.464844
34.179688, 163.085938, 19.531250
-58.837891, -124.267578, 317.382812
-249.755859, -313.720703, 891.113281
-361.083984, -292.236328, 1501.953125
-283.935547, 72.753906, 1559.570312
49.804688, 182.128906, 1593.261719
210.449219, 313.476562, 1679.687500
28.808594, 33.203125, 1144.042969
363.769531, 416.015625, 769.042969
696.777344, 10.742188, 1368.164062
403.808594, 220.703125, 1195.800781
253.906250, 7.812500, 1924.804688
289.062500, -41.748047, 1915.527344
288.574219, -72.021484, 1967.285156
182.617188, -89.599609, 1480.468750
189.941406, -57.373047, 1072.265625
74.218750, -95.947266, 550.292969
8.789062, -56.396484, 134.277344
-35.400391, -20.751953, 6.835938
39.062500, 199.218750, 0.976562
-133.056641, 177.734375, 355.468750
-128.173828, 151.367188, 512.207031
-,-,-
-85.693359, 157.226562, 666.015625
-77.880859, 194.824219, 392.578125
-143.798828, 288.574219, 18.554688
-166.259766, -18.310547, -10.498047
-138.427734, -161.376953, 306.640625
-65.185547, -413.818359, 928.222656
-28.076172, -322.021484, 1540.039062
156.738281, -215.576172, 1556.640625
101.074219, -219.970703, 1872.558594
93.750000, -312.744141, 1743.652344
166.992188, -193.603516, 1330.078125
157.714844, -150.146484, 1230.468750
158.203125, -46.142578, 1156.250000
116.210938, -79.833984, 1306.640625
79.589844, -73.486328, 1457.031250
69.824219, -209.716797, 1773.437500
51.757812, -217.529297, 1924.804688
-7.080078, -239.501953, 1779.296875
-11.962891, -203.857422, 1461.914062
-31.005859, -207.763672, 971.679688
-51.513672, -79.833984, 353.515625
36.621094, 129.882812, -108.154297
61.035156, 207.031250, -106.201172
-,-,-
-50.537109, 114.746094, 218.750000
-80.810547, 430.664062, -248.779297
-22.705078, 522.460938, -471.923828
0.488281, 29.296875, -106.201172
-98.388672, -274.169922, 181.640625
-130.615234, -693.115234, 1762.695312
-253.173828, -508.544922, 1999.755859
180.175781, -277.587891, 1999.755859
188.964844, -52.001953, 1999.755859
213.378906, 58.593750, 1999.755859
157.226562, -35.888672, 1930.664062
174.804688, -150.146484, 1674.804688
110.351562, -289.306641, 1306.640625
30.273438, -341.064453, 970.703125
19.531250, -235.595703, 554.199219
17.578125, -121.826172, 323.242188
79.589844, 66.406250, 88.867188
20.507812, 176.757812, 255.371094
1.953125, 240.722656, 231.445312
-85.205078, 234.375000, 310.546875
-,-,-
-39.306641, 20.507812, 1013.671875
21.484375, 59.570312, 1079.101562
-26.611328, 48.339844, 1052.734375
-34.912109, 41.015625, 934.082031
-90.087891, 56.640625, 712.890625
-162.841797, 75.683594, 323.242188
-139.404297, 72.753906, 24.414062
-88.623047, -92.041016, 18.554688
-54.931641, -232.177734, 396.484375
-89.111328, -163.818359, 784.179688
64.941406, -341.552734, 1566.406250
151.855469, -178.466797, 1710.937500
157.226562, -239.501953, 1999.755859
244.140625, -111.083984, 1877.441406
392.089844, 192.871094, 1396.484375
324.218750, 386.230469, 1830.078125
210.937500, 180.664062, 1999.755859
225.097656, -67.138672, 1825.195312
8.789062, -312.744141, 1369.628906
15.136719, -141.357422, 717.285156
140.136719, 43.457031, -31.005859
-34.423828, 61.523438, -24.169922
51.757812, 136.230469, 144.042969
-61.767578, 145.507812, 356.445312
-,-,-
-32.958984, -115.478516, 907.226562
-63.720703, 11.718750, 841.796875
-84.228516, 26.367188, 680.175781
-139.892578, 18.554688, 533.203125
-212.646484, 20.507812, 99.609375
-100.830078, 82.031250, -277.099609
10.253906, -62.255859, -25.146484
-50.048828, -233.154297, 653.320312
-153.076172, -201.904297, 1357.910156
-46.142578, -580.810547, 1999.755859
414.550781, -243.896484, 1924.804688
629.882812, -120.361328, 1917.480469
437.500000, -110.107422, 1534.667969
437.011719, 49.316406, 1183.593750
383.789062, -26.123047, 1458.984375
238.281250, -154.052734, 1634.765625
277.343750, -279.052734, 1999.755859
46.875000, -331.787109, 1608.886719
102.539062, -154.052734, 1278.808594
69.335938, -120.361328, 771.484375
-17.822266, -52.490234, 195.312500
52.246094, 61.523438, -30.029297
104.492188, 96.191406, 26.367188
-9.521484, 136.718750, 208.007812
-33.447266, 146.484375, 488.281250
-,-,-
-29.052734, -43.701172, 964.843750
-13.427734, 109.375000, 716.796875
19.531250, 181.640625, 653.320312
136.718750, 245.117188, 400.390625
94.238281, 171.386719, 68.359375
-73.486328, -41.748047, -22.216797
-140.869141, -230.224609, 430.175781
-343.994141, -320.068359, 713.867188
-173.095703, -471.923828, 1481.933594
43.457031, -101.318359, 1655.761719
407.714844, -93.017578, 1999.755859
308.593750, -55.419922, 1797.363281
-43.701172, -52.978516, 1342.773438
423.828125, 174.804688, 1360.839844
267.089844, 74.218750, 1602.539062
337.402344, -64.208984, 1871.093750
238.281250, -301.513672, 1674.316406
139.160156, -264.892578, 1206.542969
194.824219, -83.740234, 694.335938
74.218750, -58.349609, 393.554688
-33.935547, -55.419922, 263.183594
92.285156, 43.945312, 219.726562
125.488281, 93.261719, 284.179688
-56.884766, 96.191406, 479.492188
-,-,-
-3.662109, 60.546875, 846.679688
-22.216797, 36.621094, 805.175781
-4.638672, 89.843750, 547.851562
-25.146484, 54.687500, 98.632812
-208.251953, 15.625000, -31.982422
-188.232422, -79.833984, 134.765625
-201.416016, -275.146484, 795.898438
-303.955078, -372.802734, 1262.695312
57.128906, -221.435547, 1937.500000
113.281250, -361.083984, 1729.003906
21.972656, -330.810547, 1527.832031
452.636719, -790.283203, 1999.755859
381.347656, 145.019531, 880.859375
118.164062, 74.218750, 991.210938
140.136719, 4.882812, 1456.054688
-22.216797, -302.490234, 1777.343750
-55.908203, -317.138672, 1935.546875
-59.326172, -295.654297, 1500.000000
-8.544922, -102.294922, 1089.843750
-63.720703, -51.513672, 694.335938
-19.287109, -49.560547, 605.468750
-39.306641, -53.466797, 438.476562
-39.306641, 56.640625, 261.718750
30.273438, 144.042969, 268.554688
-81.787109, -81.787109, 521.484375
-,-,-
-26.123047, 37.109375, 679.199219
-96.435547, 61.523438, 398.437500
-137.451172, 69.335938, 110.351562
-93.994141, 34.179688, 5.859375
-171.630859, -96.435547, 218.750000
-144.287109, -203.857422, 883.789062
-64.697266, -108.154297, 1999.755859
-82.275391, -373.779297, 1781.250000
69.335938, -311.767578, 1745.605469
155.761719, -164.306641, 1574.707031
-273.681641, -188.720703, 1174.804688
308.593750, 125.488281, 812.988281
216.308594, 23.925781, 1289.062500
125.000000, -242.431641, 1527.832031
120.117188, -300.537109, 1951.171875
95.214844, -257.568359, 1762.695312
77.636719, -259.521484, 1461.914062
88.378906, -107.177734, 1051.757812
-38.330078, -115.966797, 597.167969
-52.001953, -70.556641, 391.601562
-41.748047, -85.693359, 356.445312
1.953125, -31.005859, 428.710938
-5.126953, 72.753906, 303.222656
-,-,-
-124.755859, 41.992188, 470.214844
-144.287109, 93.261719, 458.007812
-173.583984, -35.888672, 343.261719
-204.345703, -71.533203, 177.734375
-128.173828, -90.576172, 475.585938
-175.048828, -210.693359, 858.398438
-70.068359, -216.064453, 1701.171875
1.464844, -291.259766, 1999.755859
122.070312, -103.271484, 1700.683594
879.394531, -1812.255859, 1999.755859
514.160156, 277.343750, 768.066406
296.386719, 211.914062, 1085.937500
165.039062, 80.078125, 1286.132812
135.742188, -161.865234, 1427.734375
-3.173828, -226.318359, 1700.195312
-38.818359, -195.068359, 1522.460938
1.953125, -88.623047, 1289.062500
-152.587891, -121.337891, 950.683594
-118.896484, -175.048828, 869.140625
-121.826172, -231.201172, 730.468750
-129.638672, -217.041016, 530.273438
-91.552734, -52.490234, 356.445312
-64.208984, 45.410156, 407.226562
-73.974609, 116.210938, 574.218750
-79.833984, 135.742188, 720.703125
-89.111328, 147.460938, 904.296875
-,-,-
-9.521484, 202.148438, 891.601562
-41.748047, 195.800781, 1002.929688
-66.162109, 171.386719, 773.437500
-81.298828, 83.984375, 709.960938
-118.896484, -21.240234, 388.671875
-148.193359, -107.177734, -53.466797
-244.873047, -211.669922, -146.240234
-74.951172, -81.787109, 604.492188
81.542969, 119.628906, 1295.898438
104.980469, 167.480469, 1867.187500
315.917969, -34.912109, 1898.437500
253.906250, -71.533203, 1999.755859
325.683594, -293.701172, 1999.755859
270.019531, 40.039062, 942.382812
231.445312, 224.609375, 1053.710938
129.882812, 82.031250, 1138.671875
160.156250, 95.214844, 1405.761719
46.875000, -25.634766, 1763.671875
-0.244141, -101.318359, 1727.539062
-26.611328, -161.865234, 1517.578125
-25.146484, -119.384766, 1123.046875
-83.251953, -153.076172, 673.828125
-114.013672, -229.248047, 450.195312
41.015625, 69.824219, 204.101562
33.691406, 133.789062, 267.578125
11.230469, 158.203125, 489.257812
-,-,-
-37.353516, 126.953125, 991.210938
-74.462891, 53.710938, 876.953125
-50.048828, 113.281250, 685.058594
-43.212891, 194.824219, 357.421875
-20.263672, 238.281250, -260.986328
-38.330078, 63.476562, -104.248047
-200.439453, -204.833984, 726.074219
-483.642578, -286.865234, 1474.609375
-291.259766, -603.271484, 1689.453125
140.136719, -394.287109, 1359.863281
475.097656, 61.523438, 1395.019531
255.859375, -77.392578, 1746.582031
399.414062, 479.003906, 1268.554688
140.136719, 282.226562, 1313.476562
208.984375, 132.812500, 1562.500000
117.675781, 41.015625, 1692.382812
66.894531, 15.625000, 1928.710938
66.894531, 19.531250, 1587.890625
16.601562, -117.431641, 1259.765625
31.250000, -62.255859, 875.000000
-23.681641, -61.279297, 644.042969
-45.166016, -83.740234, 481.445312
77.636719, 10.742188, 281.250000
17.089844, 25.390625, 238.281250
68.359375, 106.445312, 142.578125
-,-,-
-63.720703, 29.296875, 718.750000
-101.318359, 32.226562, 436.523438
-78.369141, 129.882812, 157.226562
-126.708984, 1.953125, 6.835938
-88.134766, -27.587891, 255.371094
-155.029297, -217.041016, 690.429688
-158.935547, -281.005859, 875.000000
-86.669922, -442.138672, 1798.339844
176.757812, -309.814453, 1622.558594
264.160156, -187.255859, 1676.757812
490.234375, -648.193359, 1999.755859
364.257812, -15.380859, 953.125000
250.976562, -107.177734, 1264.648438
137.695312, -177.490234, 1545.898438
119.140625, -281.005859, 1910.156250
15.136719, -304.443359, 1949.218750
-76.904297, -356.689453, 1464.843750
-104.736328, -215.087891, 770.507812
-53.955078, -21.240234, 258.789062
44.921875, 131.835938, 53.710938
61.035156, 80.078125, 83.496094
19.042969, 105.468750, 332.031250
-,-,-
-120.849609, 20.996094, 135.253906
-277.099609, 6.835938, -89.111328
-97.412109, 102.539062, 386.230469
-270.263672, -258.544922, 977.539062
-31.005859, -140.869141, 1904.296875
-16.845703, -195.068359, 1770.507812
8.300781, -499.755859, 1567.382812
150.878906, -217.041016, 1533.691406
-50.048828, -95.947266, 1811.523438
353.515625, 203.125000, 804.687500
385.742188, 197.265625, 1234.863281
208.984375, -52.978516, 1511.718750
103.515625, -167.236328, 1701.660156
56.152344, -224.365234, 1900.390625
-47.607422, -215.087891, 1528.808594
-63.232422, -202.880859, 1292.968750
-60.302734, -202.880859, 687.500000
-45.654297, -20.263672, 141.601562
-8.544922, 97.656250, 20.507812
54.687500, 213.378906, 284.179688
-35.400391, 156.250000, 441.406250
-,-,-
7.812500, 17.578125, 836.914062
-32.958984, 0.976562, 704.101562
4.882812, 120.117188, 483.398438
-45.654297, 176.757812, 58.593750
4.394531, 286.621094, -505.615234
-139.892578, -14.404297, -302.978516
-102.783203, -352.294922, 377.441406
-375.244141, -1127.685547, 1762.207031
-46.630859, -581.298828, 1999.755859
91.796875, -413.330078, 1999.755859
303.710938, -505.126953, 1999.755859
356.933594, 64.453125, 1045.898438
254.882812, 41.992188, 1027.832031
85.937500, -98.388672, 1445.312500
1.464844, -171.630859, 1744.628906
-57.373047, -254.638672, 1999.755859
-160.888672, -407.958984, 1638.671875
-160.888672, -324.951172, 1000.976562
-86.669922, -126.708984, 132.812500
10.742188, 10.253906, -162.841797
214.355469, 290.039062, -51.025391
-,-,-
-34.423828, -121.337891, 783.203125
129.394531, 74.707031, 505.859375
-40.771484, 155.273438, -272.216797
159.179688, 488.281250, -1253.662109
-183.837891, -298.583984, -2.197266
-377.685547, -743.896484, 1558.593750
-239.013672, -854.248047, 1999.755859
244.140625, -521.240234, 1999.755859
194.824219, -62.255859, 1698.730469
181.640625, -30.029297, 1223.632812
31.738281, -110.107422, 933.593750
71.289062, -104.248047, 1023.925781
-3.173828, -191.650391, 1211.914062
54.687500, -284.423828, 1722.656250
21.972656, -203.857422, 1859.375000
-8.544922, -389.892578, 1999.755859
-60.791016, -517.333984, 1696.777344
-104.736328, -453.857422, 1082.031250
-30.029297, -294.677734, 615.234375
-3.173828, -60.302734, 110.351562
80.078125, 34.179688, 17.578125
146.484375, 168.945312, 162.109375
-,-,-
-60.302734, -23.681641, 873.046875
24.414062, 102.539062, 757.324219
30.273438, 144.531250, 505.859375
-62.744141, 205.078125, -34.912109
-158.447266, 385.742188, -584.716797
-128.173828, 11.718750, -350.830078
-392.333984, -461.181641, 875.000000
-523.681641, -807.373047, 1214.843750
-39.306641, -437.255859, 1947.265625
33.691406, -355.224609, 1863.281250
116.699219, -330.810547, 1493.164062
-34.423828, -265.869141, 1999.755859
1.464844, -87.646484, 789.062500
10.253906, -37.841797, 553.222656
-110.107422, -285.400391, 1358.886719
-20.751953, -176.513672, 881.835938
-9.521484, -196.533203, 1461.914062
-47.607422, -277.099609, 1866.210938
-98.388672, -390.380859, 1999.755859
-145.751953, -466.552734, 1999.755859
-182.373047, -473.388672, 1508.789062
-170.166016, -454.833984, 729.492188
-27.587891, -151.123047, -14.404297
115.234375, 58.593750, -255.126953
117.675781, 94.238281, -87.158203
60.546875, 91.796875, 424.316406
-,-,-
-56.396484, -39.794922, 430.175781
-62.744141, 2.929688, 359.375000
-27.587891, 105.468750, -103.271484
-179.931641, -309.326172, -625.732422
-137.451172, -111.083984, 330.078125
-144.287109, -74.951172, 1284.667969
25.878906, -386.962891, 1999.755859
197.753906, -206.787109, 1827.148438
1420.410156, 5.859375, 1999.755859
357.910156, -31.982422, 1749.511719
253.906250, -131.591797, 606.445312
338.867188, 49.316406, 579.101562
163.085938, -56.396484, 665.039062
125.000000, -136.474609, 806.152344
26.367188, -243.896484, 1545.898438
-28.076172, -117.431641, 1605.468750
40.039062, -152.099609, 1836.425781
64.453125, -187.255859, 1650.390625
2.929688, -396.240234, 1603.515625
-11.474609, -436.767578, 1276.855469
-53.466797, -351.318359, 682.128906
-31.982422, -225.341797, 552.246094
-53.466797, -166.259766, 262.695312
42.480469, 53.710938, 273.437500
125.000000, 208.007812, 153.320312
28.808594, 276.367188, 420.898438
-,-,-
-135.986328, 29.785156, 1012.695312
-119.873047, 74.218750, 933.105469
-79.345703, 7.812500, 735.351562
-64.208984, 48.339844, 411.132812
-39.306641, 27.832031, -181.396484
-26.123047, 49.316406, -521.240234
-94.970703, -165.283203, 328.125000
-233.154297, -57.373047, 1185.058594
-447.021484, -27.587891, 1746.582031
-98.388672, 313.476562, 1949.218750
-112.548828, 55.664062, 1610.351562
-61.279297, -114.990234, 1274.414062
12.207031, -21.240234, 1041.015625
5.859375, -27.099609, 843.750000
-17.822266, -105.224609, 862.304688
-50.048828, -80.810547, 993.164062
15.136719, -261.962891, 1772.460938
3.906250, 124.023438, 958.984375
37.597656, 96.191406, 1443.359375
20.507812, 191.894531, 1684.570312
-27.587891, 17.578125, 1999.755859
-66.162109, 15.625000, 1999.755859
-86.669922, -243.896484, 1557.617188
-102.294922, -311.767578, 996.093750
-36.376953, -188.720703, 190.429688
36.621094, 68.359375, -172.119141
-,-,-
9.765625, 458.496094, 1999.755859
27.343750, 22.949219, 1217.773438
219.726562, 70.800781, 863.281250
110.839844, 28.320312, 935.058594
99.121094, 1.953125, 1035.156250
60.546875, -26.123047, 1203.125000
62.011719, -34.912109, 1378.906250
14.648438, -117.919922, 1412.109375
70.800781, -135.498047, 1602.539062
112.792969, -108.154297, 1413.085938
176.757812, -51.513672, 1280.273438
116.210938, -26.123047, 1202.148438
157.714844, -132.568359, 1113.769531
81.542969, -91.552734, 660.156250
24.414062, -3.662109, 249.511719
12.695312, 54.687500, 49.804688
46.875000, 123.535156, 271.484375
34.179688, 205.078125, 465.820312
-,-,-
344.726562, 119.628906, 1044.921875
341.308594, 127.929688, 1005.859375
229.980469, 167.480469, 930.664062
272.460938, 208.007812, 949.218750
226.562500, 177.734375, 894.042969
124.023438, 123.046875, 749.023438
-143.310547, 69.824219, 168.457031
-458.251953, 160.156250, -545.654297
-368.896484, -41.748047, -639.404297
150.878906, -91.552734, 660.156250
36.621094, -167.236328, 1776.367188
198.242188, -186.767578, 1999.755859
244.140625, -265.869141, 1992.187500
312.988281, -73.486328, 1936.523438
197.265625, -47.119141, 1282.714844
272.460938, 0.000000, 965.820312
331.054688, -54.443359, 1053.710938
199.707031, -142.822266, 1249.023438
145.996094, -197.021484, 1545.898438
159.667969, -120.849609, 1625.000000
148.925781, -122.802734, 1513.671875
133.300781, -104.248047, 1402.343750
169.433594, -98.388672, 1208.007812
133.789062, -102.294922, 999.023438
100.585938, -66.650391, 791.015625
117.675781, 31.250000, 699.218750
33.691406, -42.724609, 631.835938
-48.095703, -48.095703, 420.410156
-,-,-
-13.916016, 19.531250, 321.289062
-141.845703, 221.679688, -98.388672
-224.853516, 367.187500, -218.017578
84.472656, 53.710938, 322.265625
-59.326172, -144.775391, 954.101562
-31.005859, -278.076172, 1670.898438
82.031250, -296.630859, 1999.755859
130.859375, -152.099609, 1744.140625
225.585938, -19.287109, 1615.234375
-59.326172, 36.132812, 1111.816406
234.863281, -1.220703, 893.066406
311.523438, -14.404297, 1081.054688
188.476562, -33.935547, 968.750000
206.542969, -135.498047, 1181.640625
175.781250, -114.990234, 1355.468750
223.144531, -68.115234, 1528.808594
277.832031, -70.556641, 1789.550781
312.500000, -127.685547, 1737.304688
262.207031, -209.716797, 1557.617188
191.406250, -150.146484, 1222.656250
75.195312, -36.865234, 653.320312
42.968750, 101.562500, 332.031250
-76.904297, 3.417969, 87.890625
-10.986328, 11.718750, 295.410156
-,-,-
62.011719, 32.226562, 542.968750
-10.009766, 12.695312, 337.402344
-148.193359, 80.078125, -154.052734
-142.333984, 90.820312, -68.115234
30.273438, 1.464844, 694.335938
-89.111328, 25.390625, 1333.007812
59.082031, -172.119141, 1738.769531
156.738281, -223.388672, 1907.226562
243.164062, -163.818359, 1780.273438
166.015625, -104.248047, 1225.585938
147.460938, -16.357422, 1255.859375
296.386719, -40.771484, 916.015625
323.730469, -111.083984, 1139.648438
250.488281, -65.185547, 961.914062
296.875000, -107.177734, 1206.054688
267.089844, -142.822266, 1452.148438
229.003906, -136.474609, 1686.523438
269.042969, -239.990234, 1765.625000
165.527344, -292.724609, 1555.664062
184.082031, -340.087891, 1447.265625
101.074219, -413.818359, 1170.898438
10.253906, -433.349609, 805.664062
-8.544922, -248.779297, 323.242188
-13.427734, 105.468750, -47.607422
13.183594, 279.296875, -43.212891
-20.751953, 457.519531, 85.937500
-,-,-
105.957031, 132.812500, 439.453125
113.281250, 97.167969, 255.371094
8.789062, 107.421875, -70.068359
-180.908203, 72.753906, -177.978516
-255.615234, -96.923828, 393.554688
-173.095703, -167.236328, 1482.421875
-65.185547, -207.763672, 1999.755859
-122.802734, -186.279297, 1905.273438
179.199219, -50.048828, 1709.960938
591.796875, -282.958984, 1999.755859
-81.787109, 66.406250, 719.726562
281.250000, -109.130859, 1079.101562
148.437500, -136.474609, 970.703125
105.957031, -255.615234, 921.875000
141.601562, -194.580078, 1054.687500
95.214844, -209.716797, 987.304688
64.941406, -222.412109, 1116.210938
33.691406, -160.888672, 1304.687500
153.320312, -236.572266, 1674.804688
-9.033203, -334.716797, 1687.500000
24.414062, -443.115234, 1777.343750
10.253906, -495.849609, 1507.812500
-40.771484, -552.001953, 1234.863281
-55.419922, -522.216797, 875.976562
-78.369141, -235.107422, 438.476562
-10.498047, 29.296875, 110.351562
-22.705078, 171.875000, 41.503906
-,-,-
96.191406, 42.968750, 429.687500
29.296875, 126.953125, 96.679688
-89.111328, 234.863281, -307.373047
-223.876953, 180.664062, -278.076172
-17.822266, -176.513672, 693.359375
-254.638672, -450.927734, 1856.445312
66.894531, -585.205078, 1999.755859
5.371094, -345.458984, 1921.875000
145.019531, -152.099609, 1680.664062
272.949219, -70.068359, 950.195312
226.562500, -96.923828, 1051.757812
213.867188, -135.498047, 980.957031
61.035156, -351.318359, 1058.593750
201.660156, -312.744141, 1062.988281
255.859375, -145.751953, 1046.875000
180.664062, -118.408203, 1011.718750
255.859375, -155.029297, 1085.937500
289.550781, -261.474609, 1518.554688
246.582031, -261.474609, 1746.093750
495.605469, -235.107422, 1999.755859
230.957031, -327.880859, 1710.937500
136.718750, -349.365234, 1279.785156
76.171875, -281.982422, 856.933594
13.671875, -106.201172, 378.417969
-,-,-
19.531250, 12.695312, 653.320312
-150.634766, -130.615234, 260.742188
-45.166016, 150.390625, -33.935547
-90.087891, 252.929688, -43.212891
96.679688, 120.605469, 613.281250
158.203125, 2.929688, 1136.718750
250.976562, -31.005859, 1766.601562
266.601562, -258.544922, 1999.755859
186.035156, -157.958984, 1861.328125
-203.369141, -109.130859, 1245.605469
174.804688, 133.789062, 523.437500
432.617188, -197.998047, 1211.914062
273.437500, -24.658203, 790.039062
388.183594, -116.943359, 1010.742188
325.683594, -168.212891, 1016.601562
329.589844, -164.794922, 1078.125000
338.867188, -37.841797, 1176.757812
443.847656, -109.130859, 1699.218750
405.273438, -129.638672, 1958.496094
246.582031, -205.810547, 1814.453125
231.445312, -205.322266, 1564.453125
168.457031, -275.146484, 1161.132812
-10.986328, -291.748047, 560.058594
0.976562, -158.935547, 265.625000
21.972656, -39.794922, 74.218750
-11.962891, 49.316406, 47.851562
-,-,-
85.937500, 24.902344, 392.578125
-17.822266, 21.972656, 81.542969
-189.697266, 159.179688, -143.310547
-53.466797, -0.244141, 176.757812
-150.634766, -129.638672, 706.054688
-234.619141, -1.220703, 1314.941406
322.265625, 129.882812, 1922.851562
103.515625, -201.904297, 1967.285156
210.937500, -199.951172, 1817.382812
114.746094, -213.623047, 1298.828125
310.546875, -124.755859, 1252.929688
167.968750, -177.490234, 1027.832031
159.179688, -185.302734, 1013.671875
201.660156, -127.685547, 947.265625
238.769531, -219.482422, 961.914062
213.378906, -226.318359, 925.781250
224.121094, -222.412109, 965.820312
257.324219, -151.123047, 1076.171875
247.558594, -96.923828, 1258.789062
427.246094, -172.119141, 1999.755859
323.242188, -297.607422, 1999.755859
277.343750, -309.814453, 1922.851562
280.761719, -332.763672, 1482.421875
167.480469, -259.521484, 934.082031
-5.126953, -114.990234, 166.503906
-,-,-
135.742188, 140.625000, 660.156250
125.976562, 164.062500, 389.648438
-26.123047, 192.382812, 54.687500
-203.369141, 42.968750, -80.810547
-269.287109, -114.013672, 25.390625
-136.474609, -198.974609, 1070.312500
-158.447266, -98.388672, 1661.621094
-15.869141, -40.771484, 1999.755859
62.011719, -80.810547, 1683.593750
41.015625, -104.248047, 1480.468750
175.781250, -72.509766, 1210.937500
-179.931641, 0.488281, 1060.058594
290.527344, -28.076172, 923.828125
231.445312, -128.662109, 1017.089844
153.320312, -198.974609, 975.097656
207.519531, -227.294922, 949.218750
164.062500, -190.185547, 1006.835938
224.609375, -156.005859, 987.304688
169.433594, -177.490234, 1069.824219
181.640625, -136.474609, 982.421875
218.261719, -129.638672, 1110.351562
263.671875, -151.123047, 1543.945312
214.843750, -176.513672, 1505.859375
199.218750, -239.990234, 1468.750000
173.339844, -239.013672, 1290.527344
170.898438, -260.986328, 1267.578125
102.539062, -254.638672, 1125.976562
136.718750, -280.029297, 1120.117188
-,-,-
76.171875, -20.751953, 648.437500
-31.005859, -73.486328, 299.316406
-25.146484, 150.390625, 12.695312
-146.240234, 225.585938, -123.779297
-9.521484, 251.953125, 352.050781
12.207031, 33.203125, 1250.976562
73.730469, -182.373047, 1815.429688
-103.271484, -316.162109, 1933.593750
265.625000, -124.755859, 1646.484375
1014.648438, -948.974609, 1999.755859
-114.990234, 219.726562, 555.175781
536.132812, -72.998047, 1213.867188
225.585938, -79.833984, 888.671875
89.355469, -243.896484, 851.074219
231.933594, -155.029297, 1008.789062
146.484375, -151.123047, 922.851562
211.425781, -169.189453, 1041.992188
262.207031, -164.794922, 1071.289062
288.085938, -132.568359, 1227.050781
353.515625, -206.787109, 1492.675781
330.566406, -279.052734, 1648.437500
176.269531, -355.224609, 1457.031250
120.117188, -422.607422, 1345.703125
62.500000, -580.810547, 1270.507812
71.777344, -520.263672, 1130.859375
140.136719, -527.587891, 927.246094
-45.654297, -392.333984, 425.292969
-111.572266, -140.869141, 78.613281
64.453125, 35.156250, 310.546875
75.195312, 177.734375, 222.656250
85.937500, 277.343750, 494.140625
102.050781, 227.539062, 661.132812
123.535156, 118.652344, 973.632812
-,-,-
156.250000, -34.912109, 789.062500
54.687500, 20.996094, 535.156250
-3.662109, 85.937500, 332.031250
-84.228516, 192.871094, 237.304688
172.363281, 227.539062, 423.828125
-62.255859, 168.945312, 369.140625
84.960938, -8.544922, 747.070312
114.746094, -54.443359, 1169.921875
132.812500, -52.490234, 1300.781250
101.074219, -126.708984, 1704.589844
134.277344, -21.728516, 1656.250000
-57.373047, 16.601562, 1439.453125
779.785156, -277.587891, 1999.755859
-60.302734, 281.250000, 659.179688
338.867188, -92.529297, 1265.625000
188.964844, -80.810547, 885.742188
176.757812, -220.458984, 891.113281
264.648438, -321.044922, 1094.726562
177.246094, -313.720703, 937.011719
261.718750, -201.904297, 966.796875
282.226562, -107.177734, 1038.085938
349.609375, -169.189453, 1091.796875
312.988281, -118.408203, 1425.781250
337.402344, -488.037109, 1703.125000
284.667969, -696.044922, 1999.755859
226.562500, -656.005859, 1521.484375
171.875000, -566.162109, 1208.007812
128.906250, -439.208984, 882.812500
90.332031, -338.623047, 662.109375
32.226562, -220.458984, 422.363281
-45.654297, -60.302734, 56.640625
-,-,-
58.593750, 67.871094, 761.718750
-12.451172, 13.671875, 540.039062
-18.798828, 197.265625, 206.542969
-52.490234, 168.945312, 19.531250
-175.537109, 146.484375, -60.302734
-184.814453, -0.732422, 337.402344
-95.947266, -193.603516, 1028.808594
36.132812, -182.373047, 1355.468750
2.929688, -59.326172, 1979.492188
253.906250, -92.529297, 1963.378906
1387.695312, -600.830078, 1999.755859
68.359375, -49.072266, 874.023438
267.578125, -94.482422, 711.914062
515.136719, -329.833984, 1346.191406
187.500000, -72.509766, 790.039062
161.132812, -195.068359, 903.320312
251.464844, -200.927734, 931.152344
187.500000, -198.974609, 909.179688
234.863281, -181.396484, 1015.625000
288.085938, -118.408203, 1095.703125
243.164062, -236.083984, 1243.164062
192.382812, -295.166016, 1185.546875
-19.287109, -546.142578, 1077.148438
114.257812, -620.849609, 1301.757812
-15.380859, -758.544922, 1126.953125
21.972656, -822.998047, 1330.078125
127.929688, -724.365234, 1250.976562
-86.181641, -863.525391, 1134.765625
116.699219, -752.685547, 1142.089844
-126.708984, -631.591797, 477.050781
-92.529297, -64.208984, -50.537109
-59.326172, 266.601562, -160.888672
-29.052734, 489.257812, 17.578125
-,-,-
70.312500, 110.351562, 408.203125
-46.630859, 178.710938, 153.320312
25.878906, 178.710938, 305.664062
26.367188, 124.023438, 563.476562
-98.388672, 143.066406, 989.746094
-13.427734, 104.492188, 1201.171875
-35.888672, -74.951172, 1249.023438
-171.630859, -37.841797, 1180.664062
85.937500, -91.552734, 1502.929688
648.437500, -106.201172, 1999.755859
-117.919922, -0.244141, 692.382812
245.117188, -37.841797, 969.726562
201.660156, -54.443359, 1096.191406
27.832031, -55.419922, 872.070312
191.406250, -278.076172, 991.210938
190.917969, -235.595703, 1032.226562
188.964844, -208.740234, 1090.820312
130.859375, -260.498047, 1136.718750
128.417969, -335.205078, 1260.742188
-2.685547, -504.150391, 1234.375000
13.671875, -585.693359, 1333.007812
25.390625, -623.291016, 1376.953125
-15.380859, -631.591797, 1219.726562
-48.095703, -670.654297, 1232.421875
6.835938, -702.880859, 1294.921875
-180.908203, -697.998047, 868.164062
34.179688, -333.740234, 650.390625
-247.314453, -47.119141, -180.419922
-3.662109, 557.617188, -320.068359
-17.333984, 650.878906, 57.617188
-,-,-
-1.220703, 67.382812, 478.515625
83.496094, 58.593750, 451.171875
-118.408203, 117.187500, 174.804688
58.593750, 315.917969, 401.367188
28.808594, 281.250000, 559.570312
1.464844, 236.328125, 675.781250
-0.244141, 81.054688, 995.605469
84.960938, -23.681641, 1517.089844
36.132812, -71.533203, 1439.453125
92.773438, 36.132812, 1571.289062
-3.173828, -121.337891, 1391.601562
391.113281, -277.099609, 1999.755859
87.890625, -151.123047, 791.992188
96.191406, -218.017578, 863.769531
379.394531, -131.591797, 1205.566406
55.175781, -203.857422, 865.234375
209.960938, -254.638672, 997.070312
288.085938, -132.568359, 1096.679688
189.453125, -187.744141, 1191.406250
131.835938, -203.857422, 1351.562500
126.953125, -517.333984, 1445.800781
-22.705078, -656.005859, 1361.816406
51.269531, -600.830078, 1562.500000
38.574219, -808.349609, 1779.296875
-146.240234, -930.908203, 1274.902344
2.929688, -682.861328, 804.199219
-235.595703, -156.982422, -513.916016
-287.353516, 334.472656, -819.580078
-,-,-
218.261719, 178.222656, 811.035156
166.015625, 196.289062, 836.914062
131.835938, 155.273438, 686.523438
20.019531, 275.390625, 207.031250
-16.357422, 172.363281, 3.417969
-47.119141, 13.671875, 114.257812
-67.138672, -158.935547, 773.437500
74.218750, -397.216797, 1951.171875
-29.052734, -377.685547, 1999.755859
120.117188, -198.974609, 1860.351562
89.355469, -151.123047, 1480.468750
127.929688, -115.478516, 1097.656250
147.460938, -147.216797, 1073.242188
-11.962891, -327.880859, 743.164062
219.726562, -499.267578, 1688.476562
39.062500, -188.720703, 902.343750
63.964844, -238.525391, 997.070312
168.457031, -171.630859, 984.375000
106.933594, -288.330078, 989.746094
136.718750, -272.216797, 1110.839844
269.531250, -360.595703, 1616.699219
154.296875, -483.154297, 1428.710938
-13.427734, -530.029297, 1214.843750
121.582031, -587.646484, 1321.777344
-4.150391, -525.146484, 1186.523438
-19.775391, -466.552734, 1133.789062
-61.767578, -446.044922, 1032.226562
72.753906, -495.849609, 1123.046875
-168.701172, -405.517578, 386.230469
-,-,-
236.816406, 165.039062, 709.960938
297.363281, 238.281250, 779.296875
93.261719, 182.617188, 472.167969
-20.263672, 301.757812, 51.757812
-237.060547, 314.453125, -45.166016
-37.353516, 148.437500, 366.210938
-99.365234, -197.021484, 1101.562500
-223.876953, -635.498047, 1481.445312
-3.173828, -410.888672, 1965.332031
-43.701172, -275.146484, 1581.542969
25.390625, -240.966797, 1403.320312
493.652344, -638.427734, 1999.755859
-41.748047, -216.064453, 628.906250
239.746094, -204.833984, 1014.160156
58.593750, -144.775391, 911.132812
152.343750, -212.646484, 984.375000
265.136719, -194.580078, 1029.296875
168.457031, -228.271484, 1196.289062
261.718750, -307.373047, 1301.757812
47.363281, -547.119141, 1321.777344
21.972656, -580.810547, 1308.593750
96.191406, -578.857422, 1340.820312
59.082031, -636.474609, 1217.773438
86.425781, -568.115234, 1211.914062
24.414062, -589.599609, 937.988281
2.929688, -493.896484, 895.019531
-13.916016, -354.248047, 650.390625
66.894531, -52.978516, 374.023438
34.667969, 189.941406, 69.335938
-,-,-
122.558594, 375.976562, 172.363281
85.937500, 228.515625, 97.656250
-84.716797, 160.156250, 103.515625
-9.521484, -130.615234, 350.585938
-58.349609, -263.916016, 799.804688
11.718750, -261.474609, 1585.449219
303.222656, -51.513672, 1999.755859
136.718750, -131.591797, 1937.500000
111.328125, -65.185547, 1470.703125
138.183594, 21.972656, 1196.777344
29.296875, -35.888672, 900.878906
483.398438, -123.291016, 1677.734375
197.265625, -216.064453, 1028.320312
231.445312, -169.189453, 944.335938
196.289062, -219.482422, 1000.976562
237.792969, -194.580078, 1083.007812
303.710938, -255.615234, 1325.195312
297.851562, -289.306641, 1607.421875
369.628906, -369.873047, 1834.472656
267.089844, -427.490234, 1628.906250
216.796875, -443.115234, 1439.453125
103.515625, -416.748047, 958.007812
32.226562, -235.595703, 652.343750
2.929688, -52.001953, 253.417969
56.152344, 102.539062, 50.781250
26.855469, 211.914062, 217.773438
128.417969, 194.335938, 232.421875
-,-,-
41.015625, 151.367188, 929.199219
69.824219, 161.621094, 789.062500
79.589844, 252.929688, 878.906250
34.179688, 183.593750, 837.890625
69.335938, 60.546875, 723.144531
-30.029297, -81.787109, 369.140625
-292.236328, -59.326172, -177.490234
-170.166016, -37.841797, 58.593750
-207.763672, -174.072266, 437.500000
136.718750, 15.625000, 1528.808594
254.394531, -24.658203, 1999.755859
311.523438, 247.070312, 1999.755859
283.691406, 122.070312, 1479.492188
264.648438, 166.015625, 1181.640625
213.378906, 17.578125, 972.656250
441.894531, -222.412109, 1616.699219
197.265625, -114.013672, 997.070312
345.703125, -113.037109, 1066.894531
181.640625, -112.060547, 945.312500
189.941406, -123.779297, 1120.117188
173.828125, -240.966797, 1148.437500
6.835938, -374.755859, 1371.093750
111.328125, -516.357422, 1944.335938
-26.123047, -583.740234, 1756.835938
-11.962891, -556.884766, 1692.382812
-3.662109, -605.712891, 1453.613281
-174.560547, -476.318359, 769.042969
-205.322266, -337.158203, 224.609375
-102.783203, 24.414062, -85.205078
36.621094, 155.273438, 75.195312
15.136719, 109.375000, 221.679688
26.367188, 126.953125, 484.375000
36.621094, 142.089844, 827.148438
43.457031, 20.507812, 994.140625
-,-,-
-31.494141, 80.078125, 489.257812
-63.720703, 141.113281, 146.484375
-64.208984, 134.765625, -27.099609
5.371094, 144.531250, 157.226562
20.996094, 46.386719, 397.460938
-43.212891, -50.048828, 818.359375
59.570312, -151.123047, 1224.609375
-35.888672, -119.873047, 1745.605469
82.519531, -151.123047, 1975.585938
59.570312, -138.427734, 1859.863281
476.074219, -200.927734, 1999.755859
154.785156, 54.687500, 872.070312
264.648438, -45.654297, 1137.695312
277.343750, -29.052734, 1018.554688
217.285156, -171.142578, 1115.234375
217.285156, -173.583984, 1396.972656
154.785156, -292.724609, 1631.835938
224.121094, -298.583984, 1872.070312
89.355469, -394.287109, 1807.617188
54.199219, -404.052734, 1602.539062
-42.724609, -460.693359, 1165.039062
-52.490234, -340.576172, 616.210938
-61.279297, -32.958984, 38.085938
-1.708984, 162.109375, -60.302734
68.847656, 129.882812, -66.162109
157.714844, 120.605469, 435.546875
-,-,-
-52.978516, 143.066406, 67.382812
-151.611328, 141.113281, -131.591797
-110.107422, 179.687500, 120.117188
29.296875, 26.367188, 709.960938
-151.611328, -26.123047, 1156.738281
23.437500, -37.841797, 1999.755859
-117.431641, -193.603516, 1965.332031
54.687500, -92.529297, 1781.738281
621.582031, -198.486328, 1999.755859
-60.302734, 99.609375, 868.164062
157.714844, 40.039062, 909.179688
233.886719, -105.224609, 1148.437500
60.058594, -44.677734, 1017.578125
209.960938, 3.906250, 1389.648438
136.718750, -4.638672, 1752.929688
84.472656, -0.244141, 1884.765625
175.781250, -27.099609, 1921.875000
-5.615234, -101.318359, 1510.742188
37.597656, -52.490234, 1178.710938
21.972656, -48.583984, 872.070312
-96.923828, -44.677734, 414.062500
-92.529297, -24.169922, 56.640625
20.507812, 100.585938, 22.460938
-1.220703, 147.949219, 51.757812
50.292969, 126.953125, 295.898438
-,-,-
235.839844, 68.359375, 1296.875000
109.863281, 107.421875, 1208.007812
116.699219, 50.781250, 1612.304688
139.160156, 26.367188, 1767.578125
30.761719, 54.687500, 1774.414062
97.656250, -0.244141, 1669.921875
-53.466797, -92.529297, 1261.718750
0.488281, -109.130859, 1005.859375
-28.564453, -153.076172, 709.960938
-152.587891, -131.591797, 214.355469
-4.638672, 15.625000, 119.140625
29.296875, 113.281250, 134.765625
59.570312, 264.160156, 344.726562
-,-,-
69.824219, 204.101562, 195.312500
-99.853516, 148.437500, 20.507812
-176.513672, 113.769531, 47.851562
-40.283203, -68.115234, 522.460938
-77.880859, 8.789062, 869.140625
-42.724609, -73.974609, 1570.800781
232.910156, 191.894531, 1874.511719
-80.322266, -0.244141, 1634.765625
-22.705078, -76.416016, 1527.343750
-1.708984, -13.427734, 1300.781250
546.386719, -203.857422, 1999.755859
166.015625, -58.349609, 1036.621094
76.660156, -143.798828, 970.703125
168.457031, -119.873047, 1217.773438
76.171875, -129.638672, 999.023438
272.460938, -143.798828, 1531.250000
60.058594, -227.294922, 1527.832031
296.386719, -213.623047, 1775.390625
149.902344, -229.248047, 1653.320312
116.699219, -241.943359, 1346.679688
125.976562, -360.107422, 1214.843750
-47.607422, -333.740234, 796.875000
-2.685547, -138.427734, 480.468750
61.035156, -48.095703, 265.625000
-12.451172, 73.242188, 119.140625
152.343750, 167.480469, 311.523438
127.929688, 290.527344, 375.000000
