-,-,-
-89.111328, 35.156250, 1040.039062
-64.697266, -56.396484, 1040.039062
-92.529297, 90.820312, 993.164062
-164.306641, 63.476562, 917.968750
-260.009766, 72.753906, 845.703125
-525.634766, 114.257812, 615.234375
-797.607422, 96.191406, 382.324219
-884.033203, 36.132812, 329.101562
-656.494141, -149.169922, 823.242188
-189.697266, -115.966797, 982.910156
260.742188, -80.810547, 1068.847656
520.996094, -139.404297, 1289.062500
663.085938, -326.904297, 1751.464844
800.292969, -328.857422, 1637.695312
812.988281, -267.822266, 1355.468750
496.582031, -276.123047, 1073.242188
161.132812, -136.474609, 878.906250
-287.353516, -103.271484, 869.140625
-673.583984, 101.562500, 881.835938
-897.705078, 187.500000, 987.304688
-,-,-
-142.333984, 94.238281, 834.960938
-270.263672, 125.976562, 863.281250
-390.380859, 132.812500, 805.664062
-610.595703, 21.484375, 561.523438
-719.482422, 49.316406, 299.316406
-692.138672, 101.562500, 286.132812
-460.693359, -12.451172, 672.851562
-400.146484, -38.818359, 953.125000
203.125000, -9.521484, 1478.515625
471.679688, 7.812500, 1615.722656
623.535156, -223.388672, 1736.328125
979.003906, -501.708984, 1667.480469
874.511719, -572.021484, 1545.898438
625.000000, -431.884766, 1233.886719
112.304688, -314.208984, 920.898438
-425.048828, -68.115234, 840.820312
-978.271484, 201.171875, 828.125000
-1251.708984, 111.328125, 951.171875
-,-,-
-207.275391, 101.562500, 978.515625
-275.634766, 43.457031, 902.832031
-252.197266, 217.773438, 837.890625
-489.990234, 166.015625, 575.195312
-665.771484, 167.968750, 268.554688
-815.185547, 70.800781, 144.531250
-623.779297, 26.367188, 399.414062
-227.294922, -171.142578, 653.320312
285.644531, -253.662109, 1332.031250
656.250000, -410.888672, 1791.503906
784.179688, -875.732422, 1999.755859
794.433594, -772.705078, 1756.835938
641.601562, -637.451172, 1429.687500
267.089844, -353.271484, 1129.882812
-323.974609, -33.935547, 826.171875
-1031.494141, 214.355469, 830.078125
-1664.306641, 107.421875, 1062.988281
-,-,-
-47.607422, 107.421875, 987.792969
-102.294922, 106.445312, 955.078125
-152.099609, 137.695312, 922.851562
-258.544922, 24.902344, 769.042969
-486.572266, 53.710938, 549.804688
-612.548828, 22.460938, 500.000000
-574.951172, 50.781250, 526.367188
-504.638672, 33.203125, 575.195312
-264.892578, 37.109375, 846.679688
86.425781, -67.138672, 1161.132812
334.472656, -124.267578, 1378.906250
522.460938, -212.646484, 1459.960938
629.882812, -359.619141, 1631.835938
767.578125, -457.275391, 1608.398438
536.621094, -433.837891, 1281.250000
249.511719, -241.943359, 1028.320312
-96.923828, -182.373047, 927.734375
-481.689453, -32.958984, 934.570312
-710.205078, 54.687500, 934.082031
-,-,-
-170.166016, 168.457031, 938.964844
-241.455078, 181.640625, 942.382812
-293.212891, 122.070312, 776.367188
-439.208984, 138.671875, 583.007812
-558.837891, 184.570312, 416.992188
-580.810547, 54.687500, 456.054688
-472.900391, 40.039062, 517.578125
-349.365234, -40.771484, 724.121094
-217.041016, -22.216797, 993.164062
4.882812, -50.537109, 1225.585938
83.496094, -86.669922, 1448.730469
75.195312, -144.775391, 1542.968750
120.117188, -216.064453, 1606.445312
205.566406, -238.525391, 1500.976562
349.609375, -210.693359, 1311.523438
547.363281, -261.474609, 1184.570312
520.996094, -373.779297, 1048.828125
362.792969, -343.505859, 997.070312
69.335938, -241.943359, 994.140625
-358.642578, -60.302734, 1034.179688
-797.607422, 96.191406, 1023.925781
-783.447266, 218.261719, 979.003906
-746.826172, 173.828125, 915.039062
-,-,-
-136.474609, 213.867188, 904.296875
-196.044922, 212.402344, 913.085938
-265.380859, 144.531250, 851.074219
-400.146484, 111.328125, 776.367188
-485.107422, 85.937500, 556.152344
-582.763672, 46.386719, 685.058594
-399.169922, 118.164062, 554.199219
-213.623047, 165.039062, 682.128906
-111.572266, 91.796875, 707.031250
80.078125, 42.480469, 1089.843750
27.832031, -102.294922, 1318.847656
139.160156, -158.935547, 1567.382812
104.492188, -171.630859, 1477.539062
280.761719, -77.880859, 1483.398438
351.562500, 1.464844, 1351.562500
478.515625, -80.810547, 1223.632812
509.277344, -209.716797, 1058.593750
509.277344, -245.849609, 948.242188
280.761719, -289.306641, 1022.949219
-93.505859, -261.474609, 1101.562500
-403.564453, -119.873047, 1122.070312
-586.669922, 51.757812, 1112.304688
-695.068359, 97.167969, 942.382812
-703.369141, 77.148438, 894.042969
-,-,-
-144.287109, 112.304688, 1033.203125
-233.154297, 74.218750, 1092.773438
-317.626953, 78.125000, 946.289062
-313.720703, 83.984375, 834.960938
-424.072266, 143.066406, 725.097656
-416.748047, 74.218750, 583.007812
-473.388672, 109.375000, 583.984375
-364.501953, 98.632812, 586.914062
-239.013672, 118.652344, 798.828125
-53.466797, 22.949219, 935.546875
-15.869141, -31.005859, 1055.664062
111.816406, -141.845703, 1438.476562
128.417969, -112.060547, 1525.878906
91.796875, -236.083984, 1536.621094
128.906250, -152.099609, 1412.109375
97.656250, -122.802734, 1228.515625
190.917969, -241.943359, 1120.117188
380.371094, -254.638672, 1018.066406
435.058594, -361.572266, 1022.949219
384.277344, -311.279297, 1023.925781
63.964844, -227.294922, 1114.746094
-255.615234, -29.052734, 1031.250000
-474.853516, 4.882812, 969.726562
-647.216797, 36.132812, 975.097656
-666.259766, 8.789062, 953.125000
-621.337891, -25.634766, 1049.804688
-,-,-
-129.150391, 74.218750, 974.609375
-180.419922, -3.662109, 909.179688
-254.638672, 73.730469, 1047.851562
-315.673828, 6.347656, 860.351562
-412.841797, 30.273438, 848.632812
-487.060547, 12.695312, 600.585938
-489.501953, 7.812500, 514.160156
-531.494141, 23.437500, 595.214844
-223.876953, 52.734375, 695.800781
-142.333984, 101.562500, 848.144531
50.781250, 117.675781, 958.007812
-34.423828, 7.812500, 1314.453125
57.617188, -82.763672, 1291.015625
14.160156, -111.083984, 1564.453125
31.250000, -96.435547, 1563.476562
74.218750, -76.904297, 1480.468750
81.054688, -114.013672, 1303.710938
212.890625, -192.626953, 1126.953125
262.207031, -267.822266, 1100.585938
291.503906, -263.916016, 986.816406
147.949219, -311.767578, 1087.890625
0.000000, -268.798828, 1108.886719
-91.064453, -140.380859, 1075.195312
-277.587891, -148.193359, 1041.015625
-359.130859, -1.708984, 893.066406
-583.740234, 42.968750, 816.406250
-,-,-
-155.517578, 163.574219, 994.140625
-155.517578, 122.070312, 961.914062
-198.974609, 125.488281, 902.343750
-192.626953, 95.214844, 858.398438
-302.978516, 103.515625, 828.125000
-453.857422, 80.078125, 678.710938
-589.111328, 123.046875, 453.125000
-589.599609, 28.320312, 417.480469
-574.951172, 73.730469, 560.546875
-376.220703, 68.359375, 610.351562
-188.232422, 45.410156, 881.835938
-43.701172, 12.695312, 1113.281250
14.648438, -71.533203, 1344.726562
175.292969, -142.333984, 1536.621094
257.812500, -202.880859, 1699.218750
166.992188, -260.009766, 1456.054688
167.480469, -196.533203, 1285.156250
221.191406, -240.966797, 1170.898438
260.253906, -326.904297, 1056.640625
331.542969, -325.927734, 998.046875
301.269531, -361.083984, 1022.949219
110.351562, -324.951172, 1053.710938
-65.185547, -238.525391, 1026.367188
-288.818359, -126.708984, 1027.343750
-464.111328, -22.705078, 926.757812
-709.716797, 26.367188, 899.414062
-,-,-
-38.330078, 105.468750, 918.945312
-159.912109, 75.683594, 965.820312
-244.873047, 85.937500, 827.148438
-420.166016, 104.492188, 741.210938
-474.853516, 124.023438, 607.421875
-562.744141, 136.718750, 677.734375
-414.794922, 183.593750, 700.195312
-263.916016, 141.113281, 827.148438
-159.912109, 51.757812, 967.773438
-20.751953, 52.734375, 1081.054688
114.257812, -97.900391, 1144.531250
61.523438, -193.603516, 1249.023438
120.117188, -211.669922, 1273.437500
143.554688, -142.822266, 1407.714844
232.421875, -62.255859, 1362.792969
374.023438, -110.107422, 1310.546875
446.777344, -137.451172, 1256.835938
325.683594, -285.400391, 1181.640625
164.062500, -383.056641, 1028.320312
133.300781, -349.365234, 998.046875
47.851562, -281.982422, 932.617188
-179.931641, -138.427734, 968.750000
-351.318359, 44.921875, 867.187500
-622.314453, 68.359375, 958.984375
-800.537109, -153.076172, 1050.781250
-694.091797, -169.189453, 1055.664062
-,-,-
-78.857422, 72.753906, 1036.132812
-132.568359, 56.640625, 1012.695312
-186.767578, 95.214844, 1004.882812
-284.423828, 35.156250, 892.578125
-374.267578, 172.363281, 737.304688
-481.201172, 188.964844, 612.304688
-420.166016, 166.992188, 600.585938
-359.619141, 115.234375, 737.304688
-244.873047, 93.750000, 797.851562
-138.427734, 3.906250, 965.820312
-53.466797, -58.349609, 981.445312
20.996094, -129.638672, 1051.757812
75.683594, -273.193359, 1183.593750
152.343750, -295.654297, 1341.796875
267.089844, -336.181641, 1453.613281
338.867188, -307.373047, 1397.949219
248.046875, -228.271484, 1232.421875
251.464844, -289.306641, 1125.000000
326.171875, -293.701172, 977.539062
323.242188, -287.841797, 966.796875
233.398438, -315.185547, 933.593750
110.839844, -289.794922, 1083.007812
-7.568359, -255.615234, 1031.250000
-229.248047, -148.193359, 1070.312500
-637.939453, 23.437500, 1002.929688
-748.291016, -30.029297, 1065.917969
-,-,-
-115.966797, 80.078125, 916.015625
-175.537109, 105.468750, 892.578125
-305.419922, 124.023438, 898.437500
-511.474609, 62.500000, 800.781250
-517.333984, 110.351562, 664.062500
-564.697266, 86.914062, 729.492188
-284.912109, 128.906250, 665.039062
-234.130859, 124.023438, 829.101562
-14.404297, 58.593750, 861.328125
-12.939453, -14.404297, 991.699219
151.367188, -124.755859, 1199.218750
106.933594, -115.966797, 1295.898438
267.578125, -170.654297, 1454.589844
220.703125, -173.095703, 1478.515625
184.082031, -206.787109, 1430.664062
214.843750, -206.787109, 1231.445312
252.929688, -194.091797, 1077.148438
316.406250, -240.966797, 980.957031
307.128906, -294.677734, 966.796875
239.746094, -289.794922, 957.031250
139.160156, -226.318359, 1000.976562
-42.236328, -194.580078, 1064.453125
-218.017578, -77.880859, 1048.828125
-434.326172, 12.695312, 958.984375
-695.556641, 51.269531, 946.289062
-793.701172, -45.166016, 1055.664062
-,-,-
-21.728516, 217.285156, 906.250000
-143.310547, 238.769531, 865.234375
-289.794922, 254.882812, 829.101562
-408.447266, 227.539062, 662.109375
-412.841797, 175.781250, 731.933594
-443.115234, 75.683594, 715.820312
-221.435547, 69.335938, 822.265625
-142.333984, -40.283203, 791.992188
33.691406, 64.453125, 935.058594
156.738281, 103.515625, 1094.726562
303.710938, 68.359375, 1420.898438
208.984375, 137.695312, 1457.031250
280.273438, 165.039062, 1404.785156
340.820312, 147.949219, 1392.089844
273.925781, 152.343750, 1218.750000
271.484375, 89.843750, 1168.945312
349.609375, -19.287109, 1111.328125
417.480469, -121.826172, 1055.664062
429.199219, -191.650391, 916.992188
353.515625, -178.466797, 1034.179688
248.046875, -125.732422, 1020.996094
-23.193359, -72.509766, 1086.914062
-185.791016, -14.404297, 1038.085938
-467.529297, 109.375000, 1004.882812
-547.119141, 86.914062, 993.164062
-715.576172, 64.453125, 928.710938
-,-,-
-131.103516, 194.824219, 979.980469
-148.193359, 233.398438, 972.167969
-244.873047, 222.656250, 929.687500
-433.837891, 214.355469, 708.007812
-534.912109, 149.414062, 591.796875
-633.056641, 154.296875, 597.167969
-489.501953, 67.382812, 640.136719
-361.572266, -35.888672, 737.304688
-65.185547, -65.673828, 789.062500
-125.732422, 42.968750, 866.210938
20.507812, 21.484375, 1039.062500
30.273438, -17.333984, 1292.480469
210.937500, -3.662109, 1601.562500
384.277344, -87.646484, 1678.710938
289.062500, -94.482422, 1641.601562
166.992188, -171.630859, 1449.707031
153.808594, -239.990234, 1209.960938
246.093750, -221.435547, 1081.054688
267.089844, -211.669922, 1016.601562
225.585938, -207.763672, 1018.554688
117.675781, -219.970703, 1013.183594
33.691406, -185.302734, 1052.734375
-144.775391, -93.505859, 950.195312
-350.830078, 26.367188, 962.890625
-583.251953, 93.750000, 871.093750
-727.294922, 113.281250, 1015.625000
-662.841797, 38.085938, 958.984375
-,-,-
-71.533203, 173.828125, 752.929688
-80.322266, 199.218750, 818.359375
-211.669922, 150.390625, 890.625000
-413.330078, 85.937500, 835.937500
-529.541016, 83.984375, 816.406250
-521.728516, 83.984375, 743.164062
-399.169922, 124.023438, 836.914062
-354.736328, 87.890625, 811.523438
-172.607422, 79.101562, 978.515625
-47.607422, -21.728516, 979.980469
65.917969, 14.648438, 1130.859375
136.718750, 9.765625, 1096.679688
345.214844, -110.107422, 1240.234375
209.960938, -144.775391, 1456.054688
380.371094, -109.130859, 1446.289062
401.855469, -85.693359, 1359.863281
314.453125, -114.013672, 1190.917969
303.710938, -161.865234, 1053.710938
369.140625, -202.880859, 944.335938
312.011719, -227.294922, 888.671875
305.664062, -193.115234, 945.312500
182.617188, -180.419922, 1014.160156
-29.052734, -128.662109, 1060.546875
-195.556641, -51.513672, 1063.964844
-411.865234, 128.906250, 923.828125
-756.103516, 30.273438, 1075.195312
-781.982422, 3.417969, 1110.839844
-625.732422, 20.507812, 1129.882812
-,-,-
-36.376953, 184.570312, 1039.062500
-124.267578, 147.460938, 982.421875
-213.134766, 132.812500, 871.093750
-334.716797, 139.160156, 748.046875
-341.552734, 153.320312, 574.218750
-397.705078, 123.046875, 557.128906
-234.130859, 177.734375, 630.371094
-59.326172, 109.375000, 838.867188
-36.376953, 36.132812, 1070.312500
21.972656, -1.220703, 1197.265625
63.964844, -44.189453, 1295.898438
249.023438, -93.505859, 1517.578125
215.332031, -145.263672, 1519.531250
239.746094, -117.919922, 1541.503906
275.878906, -89.599609, 1322.753906
281.738281, -90.576172, 1115.234375
359.375000, -114.013672, 967.773438
441.894531, -186.279297, 947.265625
509.765625, -174.560547, 1040.039062
375.488281, -217.041016, 1115.234375
136.718750, -188.720703, 1058.593750
-207.763672, -42.724609, 991.210938
-435.791016, 94.726562, 922.851562
-668.212891, 117.187500, 924.804688
-821.044922, 44.921875, 1000.000000
-805.419922, 8.789062, 1000.976562
-,-,-
-32.958984, 100.585938, 848.632812
-154.052734, 174.804688, 956.054688
-382.080078, 102.539062, 850.585938
-557.861328, 49.804688, 801.757812
-625.732422, 3.906250, 723.144531
-553.466797, 49.804688, 697.265625
-364.013672, 61.523438, 683.593750
-86.669922, 71.777344, 840.820312
132.812500, -35.888672, 957.031250
426.269531, -27.099609, 1140.625000
476.074219, -135.498047, 1376.953125
414.550781, -195.068359, 1579.589844
367.187500, -203.857422, 1512.695312
356.933594, -186.279297, 1346.679688
379.882812, -129.638672, 1181.640625
467.773438, -121.826172, 1021.972656
506.835938, -176.513672, 915.039062
445.312500, -263.916016, 979.980469
245.605469, -246.826172, 913.085938
89.355469, -253.662109, 1016.113281
-158.447266, -119.384766, 1022.949219
-433.349609, 83.984375, 959.960938
-756.103516, 168.457031, 1021.972656
-765.380859, 107.421875, 1107.910156
-549.072266, 85.937500, 1125.976562
-,-,-
-176.513672, 191.894531, 604.492188
-275.634766, 242.675781, 687.500000
-409.423828, 238.281250, 750.976562
-592.041016, 133.789062, 732.421875
-660.888672, 86.914062, 511.230469
-714.599609, 33.203125, 679.687500
-471.923828, -13.427734, 708.007812
-293.701172, 32.226562, 878.906250
73.730469, 24.902344, 1158.691406
143.554688, 62.500000, 1515.625000
233.398438, 86.914062, 1461.914062
218.750000, 58.593750, 1528.808594
301.269531, 34.179688, 1291.992188
497.558594, -75.439453, 1285.644531
636.718750, -97.412109, 1124.023438
604.492188, -196.533203, 1248.046875
427.246094, -225.341797, 1287.109375
67.382812, -227.294922, 1143.066406
-307.861328, -30.029297, 940.917969
-594.970703, 125.976562, 1039.062500
-718.017578, 70.800781, 843.750000
-704.345703, 94.238281, 840.820312
-629.638672, 40.039062, 936.035156
-,-,-
-226.318359, 172.851562, 965.820312
-331.298828, 240.722656, 938.964844
-466.064453, 101.562500, 789.062500
-622.314453, 33.203125, 428.222656
-777.099609, -43.701172, 359.375000
-706.298828, 49.804688, 462.890625
-418.212891, 116.699219, 541.992188
-262.451172, 104.492188, 826.171875
121.093750, 261.230469, 1279.785156
229.980469, 34.179688, 1595.703125
202.636719, -41.748047, 1633.789062
141.601562, -75.927734, 1322.753906
250.000000, 52.246094, 1373.046875
268.066406, 37.109375, 1227.539062
292.968750, -44.677734, 1050.781250
422.851562, -105.224609, 1005.859375
494.140625, -245.849609, 1121.093750
380.371094, -308.837891, 1197.265625
192.382812, -322.998047, 1277.832031
-47.607422, -212.646484, 1179.687500
-287.841797, 37.109375, 940.429688
-552.490234, 134.765625, 799.804688
-778.564453, 122.558594, 845.214844
-782.470703, 74.218750, 1036.132812
-,-,-
-218.505859, 288.574219, 871.093750
-296.630859, 200.195312, 810.058594
-450.927734, 213.378906, 633.300781
-601.806641, 123.046875, 579.101562
-659.423828, 41.992188, 576.171875
-637.939453, 69.335938, 638.183594
-530.029297, -38.818359, 621.093750
-336.181641, 11.718750, 852.050781
-27.587891, -49.560547, 996.093750
146.484375, 20.507812, 1286.132812
290.527344, 63.476562, 1366.210938
218.261719, 88.867188, 1487.304688
214.355469, -22.705078, 1495.605469
75.195312, -120.361328, 1376.953125
96.679688, -129.638672, 1277.832031
235.839844, -167.236328, 1180.664062
312.988281, -200.927734, 1140.136719
401.367188, -232.177734, 1125.976562
296.875000, -201.904297, 1110.839844
30.273438, -173.095703, 1053.710938
-158.447266, -57.373047, 974.609375
-497.314453, 102.539062, 831.054688
-691.162109, 164.062500, 841.796875
-814.208984, -3.662109, 886.718750
-665.771484, -8.544922, 1043.945312
-409.423828, 13.671875, 1023.925781
-,-,-
-79.833984, 154.296875, 967.773438
-176.513672, 201.171875, 865.234375
-371.337891, 166.503906, 662.109375
-581.787109, 167.480469, 503.906250
-726.318359, 128.906250, 538.085938
-674.560547, 65.429688, 559.570312
-453.369141, 97.656250, 564.453125
-200.927734, 5.859375, 848.144531
-70.068359, 13.671875, 1121.093750
163.085938, -22.216797, 1408.691406
140.136719, -118.408203, 1631.835938
139.160156, -163.818359, 1669.921875
107.910156, -124.755859, 1475.585938
60.546875, -63.232422, 1188.476562
77.636719, -68.603516, 1119.140625
164.062500, -72.509766, 1036.132812
294.921875, -124.755859, 1070.312500
404.296875, -189.208984, 1093.750000
419.433594, -178.466797, 1201.171875
216.308594, -160.888672, 1166.015625
-50.048828, -115.966797, 1165.039062
-469.970703, -16.357422, 798.828125
-797.119141, 43.945312, 878.906250
-842.041016, 100.585938, 894.042969
-771.240234, 94.726562, 896.972656
-,-,-
-68.603516, 175.781250, 968.750000
-105.712891, 165.039062, 883.789062
-216.064453, 174.316406, 735.351562
-336.669922, 174.804688, 529.296875
-525.634766, 138.671875, 493.164062
-635.009766, 66.406250, 558.593750
-569.091797, 64.453125, 854.980469
-429.443359, -1.708984, 1025.390625
-206.787109, 115.234375, 1149.902344
-2.685547, 109.375000, 1366.699219
62.011719, 148.437500, 1481.445312
115.234375, 42.968750, 1409.179688
88.378906, 16.601562, 1337.890625
141.601562, -4.638672, 1146.484375
149.902344, 25.390625, 1041.992188
236.816406, 8.789062, 1013.671875
284.667969, -102.294922, 1069.335938
402.832031, -86.669922, 1059.082031
269.042969, -221.435547, 1174.804688
110.351562, -223.388672, 1193.847656
-159.912109, -238.525391, 1090.820312
-346.435547, -37.841797, 1088.867188
-683.837891, 83.007812, 945.312500
-781.005859, 142.089844, 916.992188
-,-,-
-124.755859, 191.894531, 705.078125
-215.576172, 197.265625, 854.003906
-282.470703, 187.500000, 837.890625
-398.681641, 122.558594, 601.562500
-651.611328, 7.812500, 501.953125
-619.384766, -42.724609, 558.593750
-349.365234, 20.507812, 662.109375
-144.287109, -10.498047, 863.281250
272.949219, 54.199219, 1122.558594
349.121094, 79.101562, 1593.750000
355.957031, 28.320312, 1669.921875
284.667969, -97.900391, 1558.593750
148.437500, -134.521484, 1419.921875
145.019531, -81.787109, 1219.726562
263.183594, -91.552734, 1161.132812
348.632812, -224.365234, 1014.648438
505.371094, -223.388672, 982.421875
394.531250, -362.060547, 1036.132812
214.843750, -287.353516, 1118.164062
-0.732422, -168.212891, 1033.203125
-241.455078, 9.765625, 896.484375
-387.451172, 201.171875, 868.164062
-639.404297, 99.609375, 858.398438
-766.357422, 63.476562, 1000.000000
-661.376953, 79.101562, 986.328125
-,-,-
-137.451172, -142.822266, 771.972656
-135.986328, -27.587891, 772.460938
-230.712891, 100.585938, 777.343750
-374.755859, 52.734375, 788.085938
-572.998047, -41.748047, 737.304688
-629.150391, -77.392578, 547.851562
-466.552734, 92.773438, 532.226562
-241.455078, 139.648438, 562.500000
116.699219, 226.562500, 840.820312
211.425781, 175.781250, 1101.074219
550.292969, -19.287109, 1569.824219
388.183594, -8.544922, 1595.703125
244.628906, -84.716797, 1671.875000
207.519531, -47.119141, 1414.062500
212.402344, -37.841797, 1288.085938
268.066406, -74.462891, 1175.781250
271.484375, -121.826172, 1114.257812
405.273438, -178.466797, 1057.617188
487.304688, -272.216797, 1053.710938
522.460938, -278.076172, 1020.996094
278.320312, -257.568359, 992.187500
107.910156, -156.005859, 1022.949219
-257.568359, -20.263672, 934.082031
-566.650391, 197.753906, 851.074219
-899.169922, 203.125000, 852.050781
-834.228516, 134.765625, 979.980469
-,-,-
-151.123047, 122.558594, 739.257812
-294.677734, 93.261719, 756.347656
-430.908203, 26.367188, 650.390625
-671.142578, 41.015625, 636.230469
-547.607422, 62.500000, 615.234375
-415.283203, 50.292969, 777.343750
-66.162109, 40.039062, 1040.039062
209.960938, 28.808594, 1293.945312
328.613281, -2.685547, 1426.757812
360.351562, 0.000000, 1453.613281
374.511719, -120.849609, 1442.382812
253.906250, -132.568359, 1301.757812
136.230469, -88.623047, 1185.058594
145.507812, -85.693359, 1112.304688
227.539062, -70.068359, 1104.492188
398.925781, -86.669922, 1083.007812
494.628906, -229.248047, 1040.039062
456.054688, -332.763672, 1051.757812
254.882812, -337.646484, 958.007812
-96.923828, -185.302734, 964.843750
-505.126953, 67.382812, 940.429688
-693.603516, 163.085938, 961.914062
-779.541016, 262.207031, 919.921875
-681.396484, 201.171875, 978.027344
-,-,-
-21.728516, 94.238281, 847.656250
-87.158203, 166.015625, 908.203125
-163.330078, 205.078125, 1017.578125
-328.857422, 127.929688, 812.011719
-486.572266, 168.457031, 700.195312
-617.431641, 118.652344, 553.222656
-357.666016, 153.320312, 542.968750
-292.724609, 137.695312, 574.218750
13.671875, 228.515625, 705.078125
218.261719, 106.445312, 1013.671875
450.683594, 125.976562, 1262.695312
375.000000, -114.013672, 1557.617188
313.964844, -95.458984, 1625.000000
264.648438, -127.685547, 1594.726562
179.199219, -97.900391, 1414.062500
207.519531, -70.068359, 1140.625000
260.742188, -121.826172, 1116.210938
409.179688, -219.482422, 1091.796875
480.957031, -235.107422, 1005.859375
386.230469, -224.365234, 1013.671875
288.085938, -180.419922, 1005.859375
-40.283203, -70.068359, 970.703125
-403.564453, 125.976562, 1005.859375
-661.376953, 261.230469, 923.828125
-629.150391, 213.867188, 964.843750
-604.736328, 132.812500, 1039.062500
-386.962891, 133.789062, 976.562500
-,-,-
-179.931641, 132.812500, 879.882812
-346.923828, 171.386719, 772.460938
-452.392578, 153.320312, 677.734375
-545.654297, 88.867188, 599.609375
-486.572266, 9.765625, 689.453125
-444.580078, 30.273438, 745.117188
-162.841797, -31.982422, 900.390625
84.472656, 96.191406, 999.023438
335.449219, -3.662109, 1246.093750
318.359375, -31.005859, 1378.906250
335.449219, -84.716797, 1547.851562
288.085938, -61.279297, 1509.765625
307.128906, -48.095703, 1323.730469
296.386719, -2.685547, 1081.054688
322.265625, -19.775391, 976.562500
331.054688, -103.271484, 901.367188
427.246094, -197.021484, 884.765625
504.394531, -297.607422, 996.093750
497.558594, -333.740234, 995.117188
317.382812, -285.888672, 1181.640625
-28.564453, -137.451172, 1148.925781
-308.837891, 45.898438, 1128.906250
-412.353516, 169.921875, 1071.289062
-484.130859, 253.906250, 967.773438
-449.951172, 248.046875, 902.343750
-403.076172, 122.070312, 1017.578125
-,-,-
23.925781, 21.484375, 973.632812
5.371094, 81.054688, 979.980469
1.464844, 30.273438, 892.089844
-26.611328, 35.156250, 926.269531
-57.373047, 50.781250, 958.007812
-64.697266, 26.367188, 951.171875
-128.173828, 16.601562, 971.679688
-185.791016, 45.898438, 837.890625
-371.337891, -17.333984, 647.460938
-578.369141, -53.466797, 546.875000
-618.408203, 32.226562, 518.066406
-453.369141, 108.398438, 596.191406
-182.373047, 271.484375, 737.304688
-141.357422, 259.277344, 1066.894531
175.781250, 269.531250, 1333.007812
207.519531, 100.585938, 1521.484375
330.078125, 9.765625, 1574.218750
249.511719, -34.912109, 1534.667969
373.046875, 25.878906, 1414.062500
456.542969, -17.333984, 1162.109375
503.906250, -95.947266, 1010.742188
559.570312, -92.529297, 1027.343750
632.812500, -112.060547, 1069.335938
441.894531, -161.865234, 1204.101562
62.011719, -97.412109, 1034.179688
-323.974609, 42.968750, 1054.687500
-626.220703, 169.433594, 1032.226562
-791.748047, 242.675781, 904.296875
-750.732422, 174.804688, 834.960938
-565.673828, 163.085938, 873.046875
-,-,-
-60.302734, 193.359375, 962.890625
-86.669922, 249.023438, 979.003906
-103.759766, 248.046875, 976.562500
-151.611328, 230.468750, 970.703125
-173.095703, 165.039062, 859.375000
-227.294922, 178.710938, 812.011719
-524.169922, -28.076172, 657.226562
-840.087891, 4.882812, 166.503906
-909.423828, -79.345703, 136.718750
-641.357422, -92.529297, 169.433594
-385.498047, 69.335938, 881.835938
-46.142578, 164.550781, 1268.554688
33.691406, 175.292969, 1978.515625
251.464844, -52.001953, 1672.363281
237.304688, -5.615234, 1740.234375
284.667969, -72.509766, 1451.171875
283.203125, -22.705078, 1353.515625
432.617188, 42.968750, 1123.046875
604.003906, 29.296875, 1132.812500
703.125000, -72.509766, 1060.058594
778.808594, -166.259766, 1093.750000
556.640625, -153.076172, 961.914062
-82.275391, -384.033203, 889.648438
-785.400391, -14.404297, 1022.949219
-975.830078, 127.929688, 898.437500
-935.302734, 204.101562, 950.195312
-665.771484, 106.445312, 878.906250
-,-,-
-136.474609, 267.578125, 904.296875
-194.091797, 218.750000, 968.750000
-267.822266, 238.769531, 885.253906
-476.318359, 137.695312, 818.359375
-769.287109, 119.140625, 449.218750
-762.939453, 185.546875, 271.484375
-746.826172, 129.882812, 122.558594
-539.794922, 33.203125, 548.339844
-140.869141, 58.593750, 934.082031
21.972656, -31.005859, 1303.710938
191.894531, -39.794922, 1862.304688
207.519531, -12.451172, 1697.265625
358.886719, 52.734375, 1672.851562
361.328125, 37.109375, 1468.750000
544.433594, -29.052734, 1270.507812
544.433594, -124.755859, 1276.855469
395.507812, -240.966797, 1218.750000
199.707031, -212.646484, 1094.726562
-179.443359, -153.076172, 990.722656
-540.283203, 70.800781, 872.070312
-844.970703, 193.359375, 795.898438
-,-,-
-263.916016, 255.859375, 475.585938
-499.267578, 137.695312, 628.906250
-681.396484, 230.468750, 444.335938
-767.822266, 130.859375, 348.632812
-768.310547, 71.777344, 329.101562
-564.697266, -10.498047, 521.484375
-217.529297, 15.625000, 832.031250
27.832031, -6.591797, 1208.984375
249.023438, -39.794922, 1666.015625
98.632812, -106.201172, 1577.636719
32.714844, -135.498047, 1737.304688
70.800781, -40.771484, 1447.753906
228.515625, 0.488281, 1401.367188
311.035156, -37.841797, 1136.230469
543.945312, -163.818359, 1221.679688
582.031250, -265.380859, 1191.894531
497.558594, -313.720703, 1145.996094
210.937500, -315.673828, 990.234375
-239.990234, -86.669922, 910.156250
-769.287109, -30.029297, 764.160156
-1153.076172, 96.191406, 791.992188
-1134.521484, 136.718750, 847.656250
-779.541016, 152.343750, 752.929688
-,-,-
-382.080078, 190.429688, 648.437500
-506.103516, 312.011719, 612.304688
-745.849609, 227.539062, 593.261719
-973.388672, 46.386719, 503.906250
-834.228516, -63.232422, 488.281250
-672.119141, -54.443359, 515.136719
-142.822266, -77.880859, 679.687500
174.316406, -77.880859, 1241.210938
486.328125, -111.083984, 1375.976562
362.792969, -313.232422, 1595.703125
279.785156, -240.966797, 1553.710938
268.554688, -104.248047, 1426.757812
236.816406, -87.646484, 1326.171875
272.949219, -128.662109, 1231.445312
326.171875, -300.537109, 1169.921875
472.167969, -355.224609, 1087.890625
439.453125, -339.111328, 1064.453125
192.382812, -332.763672, 1009.765625
-366.943359, -363.525391, 1035.156250
-642.333984, 82.031250, 947.265625
-859.619141, 234.863281, 803.222656
-786.865234, 242.675781, 798.828125
-,-,-
-425.048828, 145.996094, 577.148438
-607.666016, 109.375000, 134.765625
-731.201172, 32.226562, 143.554688
-698.974609, -178.466797, 444.335938
-625.732422, -170.654297, 698.242188
-267.822266, -56.396484, 1587.890625
63.964844, 82.031250, 1640.625000
169.921875, -96.923828, 1801.757812
249.023438, -117.919922, 1503.906250
232.421875, -211.181641, 1356.933594
102.539062, -114.013672, 1317.871094
136.718750, -48.095703, 1251.953125
191.406250, -71.533203, 1130.859375
254.882812, -152.099609, 1154.296875
431.152344, -279.052734, 1219.726562
492.187500, -364.990234, 1137.695312
339.843750, -302.490234, 1020.996094
-126.708984, -210.693359, 886.718750
-518.310547, 16.601562, 892.089844
-933.349609, 178.710938, 720.703125
-998.779297, 127.929688, 847.167969
-,-,-
-299.072266, 202.148438, 594.238281
-442.626953, 172.851562, 557.617188
-703.369141, 186.035156, 377.441406
-798.095703, 41.992188, 372.070312
-749.267578, -21.728516, 473.632812
-365.966797, -24.169922, 685.546875
-40.283203, 30.273438, 1176.757812
227.539062, 0.000000, 1458.984375
273.925781, -22.705078, 1933.593750
122.558594, -178.466797, 1582.031250
37.597656, -196.044922, 1450.683594
26.367188, -97.412109, 1281.738281
92.773438, -71.533203, 1156.738281
111.328125, -86.669922, 1116.210938
174.316406, -147.216797, 1174.804688
258.300781, -306.396484, 1241.210938
428.710938, -360.595703, 1198.242188
494.628906, -348.388672, 1133.789062
340.332031, -313.720703, 982.910156
-157.958984, -257.568359, 870.117188
-617.919922, -86.669922, 689.453125
-1163.330078, 84.960938, 692.382812
-1281.982422, 45.410156, 900.390625
-881.591797, 98.632812, 804.687500
-,-,-
-288.330078, 155.273438, 504.882812
-428.466797, 126.953125, 489.257812
-608.154297, 213.378906, 220.703125
-822.998047, 57.617188, 434.570312
-791.748047, -20.751953, 561.523438
-556.396484, 51.757812, 918.945312
-207.275391, -32.958984, 1057.617188
73.730469, 44.433594, 1433.593750
249.511719, -54.443359, 1629.882812
315.429688, -115.966797, 1682.617188
269.531250, -110.107422, 1426.757812
268.554688, -110.107422, 1368.164062
240.722656, -128.662109, 1347.656250
448.730469, -138.916016, 1325.195312
494.140625, -312.744141, 1231.445312
499.023438, -334.716797, 1109.863281
285.644531, -297.607422, 1039.062500
-68.603516, -146.240234, 949.218750
-467.529297, 6.835938, 880.859375
-862.548828, 98.632812, 598.144531
-1165.771484, 2.441406, 895.019531
-877.685547, 9.765625, 888.183594
-,-,-
-135.986328, 112.792969, 354.492188
-340.576172, 199.218750, 233.398438
-582.763672, 208.984375, 187.500000
-777.099609, 88.867188, 513.671875
-806.884766, 44.433594, 652.343750
-426.513672, 188.476562, 1166.015625
-27.099609, 194.335938, 1285.156250
168.945312, 80.078125, 1755.371094
403.808594, 48.339844, 1610.351562
280.273438, -95.947266, 1512.695312
251.464844, -70.068359, 1410.156250
234.863281, -26.611328, 1316.406250
262.695312, -63.232422, 1223.632812
377.929688, -91.552734, 1190.917969
574.218750, -252.685547, 1098.632812
648.925781, -319.580078, 1139.648438
464.843750, -480.224609, 1129.882812
-84.228516, -318.115234, 1099.609375
-684.326172, 122.558594, 936.035156
-736.083984, 383.300781, 692.382812
-647.705078, 339.843750, 591.308594
-877.197266, 103.515625, 843.750000
-,-,-
-200.439453, 263.183594, 603.515625
-240.478516, 278.320312, 600.585938
-528.564453, 275.390625, 515.136719
-673.095703, 220.703125, 539.062500
-708.740234, 11.718750, 713.867188
-350.830078, -1.708984, 812.011719
75.195312, 47.363281, 1280.761719
633.300781, 67.382812, 1359.863281
426.269531, -63.232422, 1827.148438
525.878906, -94.970703, 1650.390625
323.242188, -126.708984, 1450.683594
249.511719, -58.349609, 1305.664062
277.343750, -67.626953, 1074.218750
316.406250, -111.083984, 1086.914062
403.320312, -201.904297, 1129.882812
543.457031, -327.880859, 1232.910156
504.394531, -378.662109, 1134.277344
353.027344, -312.744141, 934.570312
-353.759766, -67.626953, 888.671875
-645.751953, 134.765625, 861.328125
-993.896484, 154.296875, 963.867188
-942.626953, 65.429688, 977.050781
-602.294922, 39.062500, 811.523438
-342.041016, 88.867188, 735.351562
-,-,-
-217.041016, 125.976562, 483.398438
-426.513672, 77.148438, 539.062500
-663.330078, 94.238281, 400.390625
-625.732422, 42.968750, 518.554688
-491.943359, 70.312500, 708.007812
-176.513672, 155.273438, 1040.039062
180.664062, 86.425781, 1524.902344
320.800781, -11.474609, 1564.453125
254.882812, -137.451172, 1567.382812
278.808594, -190.185547, 1452.148438
166.503906, -157.958984, 1500.000000
207.031250, -27.099609, 1216.796875
203.125000, 37.109375, 1079.101562
211.914062, -45.166016, 1116.210938
219.238281, -184.326172, 1123.046875
383.789062, -326.904297, 1180.664062
480.957031, -354.248047, 1133.789062
392.089844, -326.904297, 1130.859375
75.195312, -180.419922, 920.898438
-194.091797, -71.533203, 816.406250
-485.107422, 71.777344, 791.992188
-776.123047, 83.984375, 778.320312
-838.623047, 89.843750, 803.710938
-,-,-
-114.990234, 129.882812, 403.320312
-247.314453, 159.179688, 571.289062
-395.263672, 208.984375, 543.945312
-700.439453, 186.523438, 485.351562
-819.580078, 126.953125, 419.921875
-788.330078, 123.046875, 766.113281
-429.443359, 81.054688, 759.765625
22.949219, 45.898438, 1048.828125
292.968750, -63.232422, 1432.617188
517.578125, -133.544922, 1638.671875
503.417969, -256.591797, 1616.210938
390.136719, -269.287109, 1578.613281
309.082031, -156.005859, 1293.945312
263.671875, -156.982422, 1236.816406
363.281250, -172.607422, 1052.734375
491.699219, -265.380859, 1136.718750
536.132812, -348.388672, 1085.937500
447.265625, -449.951172, 1059.570312
168.457031, -365.966797, 952.148438
-274.169922, -221.435547, 903.320312
-781.982422, 73.730469, 854.980469
-926.025391, 288.574219, 886.718750
-990.966797, 230.468750, 883.789062
-706.787109, 173.828125, 810.058594
-406.982422, 131.835938, 872.070312
-,-,-
-96.435547, 152.343750, 895.019531
-271.240234, 125.488281, 895.996094
-298.095703, 55.664062, 805.664062
-554.931641, 48.828125, 642.578125
-731.201172, 59.570312, 327.148438
-666.259766, 64.453125, 284.179688
-468.994141, -14.404297, 378.417969
-419.189453, -24.658203, 711.914062
60.546875, 48.339844, 963.867188
123.535156, -43.701172, 1464.843750
285.644531, -95.458984, 1643.554688
254.882812, -239.990234, 1781.738281
265.625000, -314.697266, 1500.976562
397.949219, -266.845703, 1442.382812
683.105469, -245.849609, 1329.101562
693.847656, -224.365234, 1185.546875
559.082031, -239.013672, 1093.750000
187.500000, -237.060547, 1041.992188
-275.634766, -15.380859, 976.562500
-773.681641, -31.982422, 874.023438
-1081.298828, -114.990234, 1028.320312
-855.224609, -104.248047, 909.179688
