-,-,-
-10.986328, 92.773438, 990.234375
-42.724609, 84.960938, 921.875000
-8.544922, 148.437500, 941.894531
19.042969, 132.812500, 978.027344
158.203125, 39.062500, 955.078125
326.660156, -28.076172, 996.093750
487.792969, -154.052734, 1164.062500
489.257812, -142.333984, 1067.871094
234.863281, -57.373047, 975.097656
-84.716797, 45.410156, 912.109375
-457.275391, 217.285156, 692.382812
-852.294922, 207.031250, 580.078125
-1127.197266, 196.289062, 528.320312
-1107.666016, 94.238281, 558.593750
-901.123047, -58.349609, 677.246094
-429.443359, -119.384766, 1043.945312
-103.759766, -143.310547, 1115.234375
303.222656, -297.607422, 1487.792969
500.976562, -275.146484, 1378.906250
779.785156, -350.341797, 1617.675781
741.699219, -333.740234, 1454.101562
504.394531, -321.044922, 1327.148438
263.671875, -215.576172, 1095.703125
-83.251953, -213.623047, 986.328125
-273.681641, -43.701172, 830.078125
-590.576172, 70.800781, 803.710938
-692.138672, 139.648438, 764.160156
-690.673828, 121.093750, 802.734375
-606.689453, 100.585938, 928.710938
-531.982422, 77.148438, 1027.343750
-,-,-
-53.466797, 116.210938, 897.460938
-32.958984, 209.960938, 914.062500
-35.400391, 198.242188, 989.746094
77.148438, 99.609375, 1002.929688
280.761719, 17.578125, 1068.847656
477.539062, -8.544922, 1056.640625
575.683594, -90.576172, 959.960938
349.121094, -50.048828, 912.109375
75.195312, -21.728516, 846.679688
-332.275391, 74.707031, 930.664062
-690.185547, 90.820312, 962.890625
-936.767578, 214.843750, 907.226562
-979.248047, 177.734375, 860.351562
-890.869141, 161.132812, 843.750000
-733.154297, 24.902344, 729.003906
-456.787109, 44.921875, 789.062500
-244.384766, -74.462891, 861.328125
-114.990234, -136.474609, 1045.898438
84.472656, -71.533203, 1051.757812
109.863281, -175.048828, 1279.785156
297.363281, -55.419922, 1289.062500
386.230469, -52.001953, 1255.859375
613.281250, -79.833984, 1313.476562
639.648438, -186.279297, 1248.046875
547.851562, -224.365234, 1185.546875
283.691406, -283.935547, 1201.171875
52.734375, -223.388672, 1135.742188
-152.587891, -154.052734, 1044.921875
-307.373047, 41.015625, 857.421875
-567.626953, 156.250000, 715.820312
-698.974609, 212.890625, 803.222656
-745.361328, 137.695312, 948.242188
-557.373047, 165.527344, 980.957031
-,-,-
-77.392578, 171.875000, 993.164062
47.851562, 137.695312, 953.125000
145.507812, 140.625000, 973.632812
346.191406, 32.226562, 976.562500
570.312500, -127.685547, 1081.054688
630.371094, -294.677734, 990.722656
491.699219, -218.017578, 863.281250
227.050781, -180.419922, 889.648438
-93.505859, -51.025391, 938.964844
-375.244141, 50.781250, 939.453125
-602.294922, 235.351562, 945.312500
-765.869141, 298.828125, 860.351562
-888.427734, 340.332031, 916.992188
-915.771484, 313.476562, 859.375000
-789.306641, 266.113281, 829.101562
-684.814453, 119.628906, 807.617188
-432.373047, 37.109375, 826.171875
-262.939453, -72.509766, 886.230469
-30.517578, -101.318359, 998.046875
158.203125, -130.615234, 998.046875
379.394531, -240.966797, 1259.765625
554.199219, -245.849609, 1272.949219
659.667969, -284.912109, 1291.992188
642.578125, -271.240234, 1274.902344
586.425781, -356.201172, 1235.839844
344.726562, -378.662109, 1170.898438
125.000000, -318.115234, 1105.468750
-62.744141, -210.693359, 1036.132812
-259.033203, -25.634766, 951.171875
-530.517578, 113.769531, 889.648438
-673.095703, 200.195312, 908.203125
-681.884766, 238.769531, 973.632812
-,-,-
71.777344, 47.363281, 1014.648438
32.714844, 70.312500, 1008.789062
150.878906, 33.203125, 984.375000
410.156250, -66.162109, 957.031250
541.015625, -108.154297, 962.890625
575.195312, -178.466797, 960.937500
384.765625, -79.833984, 960.937500
142.578125, -28.076172, 947.265625
-263.916016, 73.242188, 969.726562
-621.337891, 78.125000, 987.304688
-933.349609, 249.023438, 970.703125
-1100.830078, 325.195312, 854.980469
-993.408203, 451.660156, 703.125000
-769.287109, 293.945312, 606.445312
-448.486328, 68.847656, 741.210938
-187.255859, -62.255859, 869.140625
197.265625, -310.302734, 1144.531250
392.089844, -447.021484, 1217.773438
469.238281, -497.314453, 1282.714844
592.773438, -482.177734, 1306.640625
656.738281, -484.130859, 1264.648438
671.875000, -463.623047, 1132.812500
599.121094, -451.904297, 1057.617188
361.328125, -475.830078, 1018.554688
-60.302734, -293.212891, 1085.937500
-475.830078, 182.617188, 984.375000
-894.775391, 376.953125, 969.726562
-1010.009766, 436.523438, 957.031250
-,-,-
112.792969, 83.984375, 852.050781
183.105469, 39.550781, 897.460938
382.324219, -25.146484, 1034.179688
577.636719, -191.650391, 1201.171875
702.636719, -363.037109, 1267.578125
677.246094, -380.615234, 1194.824219
402.832031, -333.251953, 1029.296875
57.617188, -125.732422, 919.921875
-366.943359, 27.343750, 795.898438
-863.525391, 261.230469, 810.058594
-1125.244141, 344.726562, 822.265625
-1255.126953, 380.371094, 806.640625
-1143.798828, 385.253906, 684.570312
-988.037109, 250.000000, 630.371094
-660.400391, 90.820312, 710.937500
-269.287109, -11.474609, 789.062500
106.445312, -274.169922, 1033.203125
472.167969, -338.134766, 1165.039062
597.167969, -395.263672, 1164.062500
858.886719, -555.908203, 1431.640625
842.773438, -667.724609, 1446.289062
671.386719, -692.626953, 1455.078125
438.964844, -579.345703, 1255.859375
158.691406, -367.919922, 1063.476562
-111.572266, -65.185547, 949.218750
-461.669922, 233.398438, 790.039062
-830.810547, 467.773438, 856.445312
-862.060547, 401.367188, 875.976562
-,-,-
119.140625, 101.562500, 770.996094
160.644531, 121.093750, 832.031250
337.402344, 61.523438, 906.250000
540.039062, -114.013672, 1118.164062
790.527344, -298.583984, 1270.507812
748.046875, -450.927734, 1315.429688
579.101562, -403.076172, 1168.945312
265.136719, -204.833984, 1012.695312
-81.787109, -49.072266, 864.746094
-437.744141, 131.835938, 793.945312
-694.091797, 175.781250, 698.242188
-965.576172, 342.773438, 803.710938
-1082.275391, 360.351562, 845.703125
-1071.044922, 406.738281, 786.132812
-923.583984, 277.343750, 780.273438
-744.384766, 165.039062, 836.914062
-533.935547, 48.828125, 754.882812
-73.486328, -77.880859, 868.164062
96.191406, -297.607422, 960.937500
465.820312, -403.076172, 1131.835938
554.199219, -430.419922, 1223.632812
845.214844, -488.037109, 1295.898438
962.402344, -588.623047, 1390.625000
926.757812, -646.240234, 1300.781250
697.265625, -632.568359, 1110.839844
443.359375, -542.724609, 1001.953125
64.453125, -319.091797, 1002.929688
-251.220703, 112.304688, 895.996094
-836.669922, 295.898438, 895.996094
-983.154297, 333.496094, 958.984375
-,-,-
276.367188, 91.796875, 887.695312
409.667969, 6.347656, 1021.972656
659.179688, -124.755859, 1077.148438
744.628906, -295.166016, 1190.429688
728.515625, -392.333984, 1228.515625
405.273438, -328.857422, 1096.679688
71.777344, -238.525391, 943.359375
-186.767578, -43.701172, 846.679688
-510.009766, 143.066406, 871.093750
-785.888672, 207.031250, 810.058594
-973.876953, 431.152344, 812.500000
-998.779297, 452.636719, 732.421875
-899.169922, 464.843750, 715.820312
-792.724609, 389.648438, 706.054688
-677.978516, 293.457031, 756.835938
-532.958984, 118.164062, 844.726562
-190.673828, -51.513672, 916.992188
5.859375, -289.306641, 1067.871094
278.808594, -341.552734, 1165.039062
394.042969, -368.896484, 1185.546875
608.886719, -442.138672, 1238.769531
724.609375, -495.849609, 1264.648438
760.253906, -482.666016, 1342.773438
476.074219, -413.818359, 1276.367188
269.042969, -278.076172, 1123.046875
16.113281, -127.685547, 967.773438
-249.755859, 64.453125, 875.000000
-488.525391, 210.937500, 791.015625
-,-,-
-64.697266, 183.593750, 841.796875
9.277344, 119.628906, 884.765625
75.195312, 90.820312, 936.523438
245.605469, -56.396484, 1028.320312
405.761719, -218.505859, 1185.546875
429.687500, -274.169922, 1230.468750
264.160156, -240.966797, 1131.835938
15.136719, -63.232422, 1031.250000
-220.458984, 70.800781, 934.082031
-541.748047, 240.722656, 863.281250
-732.177734, 401.367188, 750.976562
-837.158203, 520.507812, 673.828125
-887.451172, 571.289062, 569.335938
-894.775391, 552.246094, 644.531250
-762.939453, 396.484375, 674.804688
-510.009766, 251.953125, 791.992188
-297.119141, 90.820312, 874.023438
-78.369141, -100.341797, 1050.781250
-8.544922, -197.998047, 1160.156250
279.296875, -313.720703, 1216.796875
390.625000, -376.708984, 1235.839844
545.898438, -330.810547, 1215.820312
604.003906, -381.103516, 1188.964844
537.597656, -410.888672, 1286.132812
349.609375, -401.123047, 1251.953125
169.921875, -371.826172, 1224.609375
52.734375, -289.306641, 1084.960938
-125.732422, -7.568359, 795.898438
-445.556641, 116.210938, 944.335938
-635.498047, 380.371094, 881.835938
-750.244141, 412.597656, 1058.105469
-,-,-
-109.619141, 131.835938, 772.460938
57.617188, 193.847656, 803.710938
256.347656, 38.085938, 979.980469
466.796875, -84.716797, 1285.156250
486.816406, -298.583984, 1401.367188
342.285156, -338.134766, 1345.703125
40.527344, -190.185547, 1049.804688
-78.369141, -71.533203, 949.218750
-315.185547, 90.820312, 829.101562
-562.255859, 321.289062, 735.351562
-728.759766, 332.519531, 724.121094
-1015.380859, 487.304688, 663.085938
-1115.478516, 497.070312, 609.375000
-1017.333984, 478.515625, 680.175781
-865.478516, 311.035156, 683.105469
-673.095703, 98.632812, 738.281250
-393.310547, -157.958984, 891.113281
-148.193359, -168.212891, 1048.828125
35.156250, -285.400391, 1015.625000
291.503906, -293.212891, 1197.753906
436.523438, -286.865234, 1228.515625
644.531250, -280.029297, 1423.828125
591.796875, -278.076172, 1387.695312
441.894531, -344.482422, 1309.570312
224.609375, -467.529297, 1209.960938
-49.560547, -327.880859, 1135.742188
-130.615234, -137.451172, 1083.007812
-168.701172, 177.734375, 802.734375
-411.376953, 289.062500, 676.757812
-,-,-
186.523438, 32.226562, 871.093750
318.847656, 30.273438, 1017.089844
419.433594, -114.013672, 1273.437500
450.683594, -319.091797, 1572.265625
381.835938, -364.990234, 1544.921875
278.320312, -364.013672, 1448.730469
195.312500, -232.177734, 1227.539062
120.117188, -139.404297, 995.117188
-135.009766, 61.523438, 775.390625
-478.271484, 267.089844, 617.187500
-975.830078, 398.437500, 639.160156
-1122.314453, 507.812500, 596.191406
-1056.396484, 555.664062, 533.203125
-808.349609, 489.257812, 451.171875
-684.814453, 378.906250, 535.156250
-562.255859, 301.757812, 560.546875
-265.380859, 62.500000, 840.820312
-175.048828, -116.455078, 986.328125
117.675781, -104.248047, 1142.578125
159.179688, -266.845703, 1179.687500
500.000000, -436.767578, 1524.414062
496.093750, -452.880859, 1563.476562
491.699219, -360.595703, 1492.675781
386.230469, -375.732422, 1291.992188
305.175781, -354.248047, 1112.304688
144.042969, -161.865234, 864.257812
-75.927734, 23.925781, 881.835938
-662.841797, 227.539062, 985.351562
-714.599609, 326.171875, 924.804688
-837.646484, 396.972656, 905.273438
-,-,-
161.621094, 6.835938, 1086.914062
106.933594, 77.148438, 1117.187500
104.492188, 14.648438, 1170.898438
270.019531, -55.419922, 1205.078125
479.492188, -143.798828, 1292.968750
560.546875, -202.880859, 1256.835938
555.664062, -160.888672, 1043.945312
240.722656, 33.203125, 765.136719
-18.310547, 64.453125, 756.835938
-395.263672, 41.992188, 703.125000
-791.748047, 118.164062, 714.843750
-1059.814453, 96.191406, 909.179688
-1087.646484, 210.449219, 894.042969
-926.513672, 371.093750, 785.156250
-718.017578, 354.492188, 721.679688
-685.302734, 284.179688, 692.382812
-532.470703, 231.445312, 741.210938
-392.333984, -9.521484, 938.964844
-129.150391, -94.970703, 1043.945312
-39.306641, -102.294922, 993.164062
398.437500, -257.568359, 1160.156250
484.375000, -324.951172, 1230.468750
651.367188, -310.791016, 1247.070312
671.386719, -326.904297, 1292.968750
631.347656, -406.982422, 1315.917969
468.261719, -380.615234, 1217.773438
230.468750, -302.490234, 1202.148438
121.582031, -174.072266, 1101.562500
-142.333984, -2.197266, 1025.390625
-285.400391, 208.007812, 829.101562
-415.283203, 237.792969, 693.359375
-,-,-
19.531250, 192.871094, 909.179688
85.937500, 110.351562, 1024.902344
257.324219, 68.847656, 1034.179688
484.375000, -134.521484, 1251.953125
541.992188, -233.154297, 1319.824219
490.722656, -206.787109, 1131.835938
334.960938, -103.271484, 1020.019531
218.261719, -53.466797, 877.929688
-156.494141, 90.820312, 787.109375
-532.958984, 74.218750, 867.187500
-888.427734, 46.386719, 918.945312
-1002.197266, 58.593750, 977.050781
-857.666016, 178.710938, 837.890625
-589.111328, 134.765625, 727.539062
-614.013672, 89.843750, 655.273438
-519.287109, 197.265625, 675.781250
-395.751953, 5.859375, 820.312500
-86.181641, -35.888672, 898.437500
136.718750, -93.505859, 1062.988281
529.296875, -208.740234, 1237.304688
572.265625, -165.771484, 1313.476562
655.273438, -256.591797, 1493.164062
620.605469, -283.935547, 1462.890625
521.972656, -255.615234, 1242.187500
417.480469, -190.673828, 1105.957031
274.902344, -51.513672, 1000.976562
87.890625, 72.265625, 783.203125
-370.361328, -0.244141, 750.976562
-742.431641, -16.357422, 1048.828125
-955.810547, -131.591797, 1008.789062
-739.501953, -60.302734, 1033.691406
-,-,-
85.937500, 88.867188, 858.398438
145.019531, 23.925781, 984.375000
201.171875, 115.722656, 1000.976562
417.968750, 22.949219, 1103.027344
645.507812, -71.533203, 1174.804688
752.929688, -190.185547, 1236.816406
632.324219, -180.419922, 1106.445312
319.824219, -153.076172, 911.132812
-56.884766, -39.794922, 780.273438
-382.080078, -108.154297, 802.246094
-849.853516, -111.083984, 953.125000
-1048.095703, -17.822266, 975.097656
-1018.310547, 17.578125, 888.183594
-930.908203, 279.296875, 755.859375
-784.912109, 217.773438, 714.843750
-725.341797, 71.289062, 719.726562
-682.373047, 30.273438, 672.851562
-346.923828, -92.529297, 770.996094
-164.306641, -14.404297, 903.808594
208.007812, -105.224609, 1098.632812
399.414062, -83.740234, 1219.726562
629.882812, -204.833984, 1373.046875
635.742188, -274.169922, 1445.312500
662.597656, -258.544922, 1347.656250
563.476562, -356.689453, 1251.953125
441.894531, -394.287109, 1244.140625
408.203125, -301.513672, 1115.234375
225.097656, -121.337891, 937.988281
-46.142578, 79.101562, 741.210938
-432.861328, 119.628906, 812.988281
-620.361328, 155.273438, 708.007812
-839.599609, -69.091797, 947.265625
-738.037109, -90.576172, 980.957031
-,-,-
13.183594, 109.375000, 859.863281
75.683594, 198.242188, 924.804688
186.523438, 139.648438, 1106.933594
390.625000, 30.273438, 1250.000000
521.972656, -91.552734, 1273.437500
553.222656, -175.537109, 1295.898438
436.035156, -106.201172, 1237.304688
293.945312, -0.244141, 1010.742188
-6.103516, 54.687500, 970.703125
-258.056641, 32.226562, 868.164062
-562.255859, -49.072266, 872.070312
-896.728516, 8.789062, 941.406250
-926.513672, -1.220703, 883.789062
-940.185547, 120.117188, 804.199219
-962.158203, 240.722656, 662.109375
-880.126953, 131.835938, 530.273438
-642.333984, 93.261719, 428.222656
-322.509766, 83.984375, 648.437500
-14.404297, 2.929688, 871.093750
321.777344, -32.958984, 1152.832031
500.000000, -171.142578, 1383.789062
623.046875, -244.873047, 1491.699219
604.003906, -312.255859, 1442.382812
659.179688, -397.216797, 1431.640625
550.292969, -340.576172, 1311.523438
510.253906, -337.158203, 1277.832031
349.609375, -199.951172, 1140.625000
210.937500, 20.996094, 898.437500
-26.123047, 122.070312, 701.171875
-352.294922, 208.007812, 613.281250
-648.193359, 138.183594, 795.898438
-977.294922, -88.623047, 1072.265625
-,-,-
71.777344, 99.609375, 777.343750
52.246094, 198.242188, 887.695312
244.628906, 240.722656, 966.796875
375.488281, 141.601562, 1141.601562
506.835938, 56.640625, 1275.390625
654.296875, -56.396484, 1270.507812
668.945312, -143.798828, 1250.976562
509.765625, -42.724609, 1081.054688
214.843750, 15.625000, 904.296875
-67.626953, 76.171875, 805.664062
-459.716797, 27.343750, 869.140625
-779.052734, 25.390625, 868.164062
-857.666016, 9.765625, 927.734375
-851.806641, -14.404297, 869.140625
-897.216797, 194.824219, 805.664062
-867.919922, 209.960938, 712.890625
-737.060547, 55.664062, 742.187500
-604.736328, 133.789062, 747.070312
-370.361328, 79.101562, 697.265625
-234.130859, 33.203125, 873.046875
60.546875, 5.859375, 878.906250
242.675781, -92.041016, 1072.265625
505.371094, -158.935547, 1245.117188
602.539062, -169.677734, 1329.101562
699.218750, -211.669922, 1421.875000
720.703125, -172.607422, 1341.796875
645.996094, -152.099609, 1273.437500
432.617188, -200.927734, 1209.960938
358.398438, -83.740234, 1102.539062
164.062500, -24.169922, 835.937500
-85.205078, 123.046875, 800.781250
-322.509766, -34.912109, 667.968750
-742.431641, -26.611328, 871.093750
-1090.576172, -107.177734, 895.996094
-1040.771484, -116.943359, 1130.859375
-,-,-
540.039062, 205.078125, 1216.796875
733.886719, 29.296875, 1348.632812
724.609375, -100.341797, 1430.664062
605.468750, -171.142578, 1297.851562
581.542969, -207.763672, 1175.781250
509.277344, -163.818359, 949.218750
228.027344, -9.521484, 700.195312
-97.412109, 2.929688, 541.015625
-670.654297, 8.789062, 697.265625
-1095.458984, 32.226562, 792.968750
-1094.970703, -29.052734, 946.289062
-968.994141, 98.144531, 812.011719
-786.865234, 178.710938, 637.207031
-795.166016, 117.675781, 554.199219
-701.904297, 218.261719, 616.210938
-479.736328, 111.328125, 687.500000
-58.349609, 29.296875, 1042.968750
139.648438, 36.132812, 986.328125
433.105469, -167.236328, 1410.644531
325.683594, -168.212891, 1470.703125
428.710938, -126.708984, 1528.808594
513.183594, -206.787109, 1522.460938
520.019531, -259.521484, 1310.546875
524.414062, -259.521484, 1000.000000
402.832031, -111.083984, 738.281250
68.359375, 13.671875, 788.085938
-234.619141, -18.310547, 902.343750
-678.466797, 128.906250, 926.757812
-876.220703, -83.740234, 1029.296875
-975.830078, -69.580078, 1065.917969
-736.083984, -18.310547, 950.195312
-523.193359, 22.460938, 958.984375
-,-,-
331.054688, 71.289062, 1005.859375
440.429688, 87.890625, 1059.570312
566.406250, 54.687500, 1069.824219
679.687500, -18.310547, 1097.656250
641.601562, -44.677734, 1083.007812
447.265625, -23.681641, 1023.925781
28.808594, 67.871094, 806.152344
-243.896484, 5.859375, 827.148438
-692.138672, -44.677734, 707.031250
-899.169922, -76.416016, 875.976562
-982.177734, -175.537109, 916.015625
-784.423828, -35.888672, 979.003906
-625.732422, 5.859375, 961.914062
-583.251953, 101.562500, 692.382812
-418.701172, -1.708984, 717.773438
-483.154297, 188.964844, 785.156250
-153.076172, 81.054688, 858.398438
82.519531, -20.751953, 985.351562
574.218750, -21.240234, 1089.843750
814.453125, -1.708984, 1180.664062
809.082031, -21.728516, 1312.500000
772.460938, -0.244141, 1338.378906
639.160156, -60.302734, 1310.546875
528.320312, -134.521484, 1309.570312
545.898438, -28.076172, 1039.062500
341.308594, 52.734375, 745.117188
-16.357422, 154.296875, 838.867188
-170.654297, -47.119141, 655.273438
-650.634766, -82.763672, 1003.906250
-888.916016, -215.087891, 906.738281
-1051.513672, -170.166016, 1187.500000
-614.501953, -165.771484, 1065.917969
-,-,-
12.695312, 190.917969, 970.703125
114.257812, 224.609375, 939.941406
333.007812, 145.996094, 1040.039062
511.718750, 58.593750, 1130.859375
645.507812, -97.900391, 1175.781250
485.351562, -164.794922, 1295.898438
251.464844, -102.783203, 1140.625000
-162.841797, -52.490234, 816.406250
-599.853516, -23.681641, 843.750000
-937.744141, -17.333984, 810.058594
-1045.654297, 22.949219, 783.203125
-988.037109, 140.136719, 747.070312
-692.138672, 109.375000, 602.539062
-666.748047, 129.882812, 501.953125
-486.572266, 133.789062, 609.375000
-518.798828, 143.554688, 808.593750
-134.033203, 106.445312, 1102.539062
80.078125, 24.414062, 1365.722656
286.132812, 15.625000, 1340.820312
509.277344, -85.693359, 1395.996094
537.597656, -105.224609, 1399.414062
541.015625, -125.732422, 1146.484375
394.042969, -138.427734, 1159.179688
394.531250, -165.771484, 1209.960938
394.042969, -15.380859, 1106.933594
399.414062, -58.349609, 859.375000
53.710938, 80.078125, 748.046875
-195.556641, -24.658203, 742.187500
-845.947266, -205.810547, 1012.695312
-873.291016, -218.505859, 1134.765625
-713.134766, -101.318359, 1043.945312
-432.861328, -6.591797, 909.179688
-252.197266, 11.718750, 827.148438
-,-,-
36.132812, 111.328125, 953.125000
58.593750, 135.742188, 1025.878906
237.304688, 88.867188, 1064.941406
442.871094, -37.841797, 1114.257812
694.824219, -114.990234, 1117.187500
703.125000, -106.689453, 1097.167969
460.937500, -17.333984, 992.187500
67.871094, 38.085938, 832.031250
-344.970703, 69.824219, 805.664062
-681.884766, -19.775391, 908.203125
-934.326172, 19.042969, 913.085938
-959.716797, -15.380859, 896.484375
-935.302734, 79.101562, 835.937500
-757.568359, 62.011719, 766.113281
-679.443359, 125.000000, 701.171875
-550.048828, 19.531250, 793.945312
-338.623047, -27.587891, 917.968750
138.183594, -108.154297, 947.265625
447.753906, -36.865234, 1048.828125
687.500000, -101.318359, 1216.796875
723.632812, -110.107422, 1229.492188
640.625000, -225.341797, 1302.734375
587.402344, -285.400391, 1323.730469
529.296875, -289.306641, 1272.460938
525.878906, -238.037109, 1116.210938
448.730469, -115.478516, 880.859375
134.277344, -17.333984, 769.042969
-302.978516, -33.935547, 947.265625
-740.966797, -121.337891, 845.703125
-947.998047, -158.935547, 1044.921875
-791.259766, -33.935547, 1000.000000
-545.166016, 32.226562, 916.992188
-,-,-
-58.349609, 139.648438, 1158.203125
3.906250, 98.632812, 1149.902344
159.667969, 101.562500, 1138.671875
418.945312, 48.828125, 1088.867188
670.410156, 40.039062, 1114.257812
690.429688, 21.972656, 1104.980469
559.082031, 112.304688, 910.156250
173.339844, 130.859375, 772.460938
-252.197266, -63.232422, 848.144531
-757.568359, -143.310547, 945.312500
-990.966797, -200.927734, 1096.679688
-837.158203, -152.099609, 958.007812
-754.638672, 23.925781, 784.179688
-686.279297, -4.638672, 665.039062
-684.326172, -31.494141, 513.671875
-707.275391, 51.757812, 563.476562
-478.271484, 2.929688, 652.343750
-126.708984, 135.742188, 1059.570312
186.523438, 82.031250, 1131.835938
473.144531, 72.753906, 1409.667969
507.812500, -9.521484, 1446.777344
397.949219, -3.662109, 1405.761719
464.355469, -35.888672, 1325.683594
487.792969, -78.857422, 1225.585938
339.843750, -93.017578, 1218.750000
405.273438, -70.068359, 1135.742188
334.960938, 2.441406, 959.960938
323.730469, -6.591797, 837.890625
21.484375, 25.390625, 777.343750
-167.724609, -40.771484, 826.171875
-539.794922, -99.853516, 775.390625
-998.291016, -288.330078, 1067.871094
-,-,-
79.101562, 236.328125, 956.054688
183.105469, 198.242188, 1001.953125
297.363281, 158.203125, 1124.023438
478.515625, 57.617188, 1190.429688
630.859375, -93.505859, 1293.945312
666.992188, -155.029297, 1260.742188
577.636719, -122.802734, 1148.925781
360.351562, 5.859375, 1001.953125
53.710938, 9.765625, 927.734375
-257.080078, 116.699219, 761.718750
-515.869141, 48.339844, 736.328125
-796.142578, -21.728516, 888.671875
-893.798828, 53.710938, 842.773438
-895.263672, 186.523438, 814.453125
-764.892578, 149.414062, 763.671875
-574.951172, 115.234375, 712.890625
-490.478516, 53.710938, 666.992188
-287.353516, -22.705078, 727.050781
-118.408203, 17.089844, 993.164062
234.863281, -3.662109, 1159.667969
470.703125, -62.255859, 1253.906250
521.484375, -96.435547, 1418.945312
455.078125, -95.947266, 1348.632812
520.996094, -183.349609, 1344.726562
555.664062, -175.537109, 1253.906250
590.820312, -216.064453, 1200.195312
596.679688, -170.166016, 1062.988281
352.050781, -57.373047, 930.664062
117.187500, 10.742188, 904.296875
-181.884766, 20.996094, 902.343750
-671.630859, -8.544922, 908.203125
-867.919922, -147.216797, 1019.042969
-,-,-
266.113281, 183.593750, 1038.085938
317.871094, 136.718750, 1080.078125
327.148438, 12.695312, 1190.917969
401.855469, -44.189453, 1350.585938
471.191406, -51.513672, 1157.226562
239.746094, -21.728516, 1017.089844
-17.822266, 122.558594, 744.140625
-305.908203, 141.113281, 677.734375
-714.599609, 195.800781, 743.164062
-824.462891, 110.351562, 728.515625
-853.271484, 122.558594, 669.921875
-879.150391, 120.605469, 696.289062
-726.806641, 107.421875, 725.097656
-482.177734, 60.546875, 600.585938
-195.556641, 35.156250, 883.300781
73.730469, 9.765625, 902.343750
351.562500, -152.099609, 1229.003906
501.464844, -220.947266, 1287.109375
552.246094, -223.388672, 1353.515625
546.875000, -237.060547, 1390.625000
659.179688, -320.556641, 1416.992188
822.753906, -283.935547, 1250.976562
728.027344, -247.802734, 1077.148438
543.457031, -184.326172, 1014.648438
119.140625, -77.880859, 910.156250
-145.751953, 42.968750, 866.210938
-876.220703, -33.935547, 869.140625
-977.294922, -114.013672, 1116.210938
-939.697266, -141.357422, 1029.296875
-,-,-
533.691406, 46.386719, 981.933594
407.714844, 19.531250, 1073.242188
459.960938, -53.466797, 1194.824219
440.429688, -81.787109, 1267.578125
517.578125, 1.464844, 1066.894531
348.144531, 13.671875, 989.257812
117.675781, 39.062500, 779.296875
-251.220703, 140.625000, 750.000000
-628.173828, 72.753906, 796.875000
-931.396484, 60.546875, 894.042969
-1028.076172, 97.656250, 930.664062
-877.197266, 198.242188, 905.273438
-559.814453, 141.113281, 826.171875
-495.849609, 180.664062, 781.250000
-411.865234, 74.218750, 791.992188
-188.720703, 14.648438, 803.710938
-88.623047, -24.658203, 831.054688
227.050781, -80.810547, 1002.929688
340.332031, -42.724609, 1025.390625
686.035156, -171.142578, 1292.968750
740.722656, -179.443359, 1304.687500
881.835938, -226.318359, 1406.738281
836.425781, -275.146484, 1232.910156
610.839844, -189.697266, 1086.914062
525.878906, -175.537109, 958.007812
64.453125, -23.681641, 1007.812500
-150.634766, 20.019531, 783.203125
-658.935547, -35.888672, 1116.210938
-697.509766, -78.857422, 996.093750
-762.939453, -73.974609, 1078.125000
-578.857422, -119.384766, 1041.015625
-,-,-
328.125000, 66.406250, 942.382812
396.484375, 77.148438, 1027.343750
486.816406, 54.687500, 1189.941406
505.859375, 25.878906, 1191.406250
431.640625, -0.244141, 1241.210938
424.804688, 34.179688, 1116.210938
267.089844, 85.937500, 918.945312
58.593750, 111.328125, 668.945312
-274.658203, 121.093750, 531.250000
-710.693359, 74.218750, 668.945312
-1052.978516, 39.062500, 806.152344
-1116.943359, 50.781250, 878.906250
-826.904297, 144.042969, 822.265625
-765.380859, 130.859375, 702.148438
-534.912109, 143.066406, 658.203125
-383.544922, 92.773438, 889.648438
-66.162109, 66.894531, 844.726562
135.253906, -12.451172, 1084.960938
209.472656, -75.439453, 1179.687500
557.617188, -105.224609, 1261.718750
557.617188, -133.544922, 1291.015625
680.175781, -182.373047, 1338.867188
792.480469, -215.576172, 1253.906250
823.730469, -181.396484, 1053.710938
666.992188, -233.154297, 841.796875
312.988281, -224.365234, 843.750000
-266.357422, -118.408203, 1018.066406
-769.287109, -62.255859, 1132.812500
-867.431641, 10.742188, 1092.773438
-838.623047, 64.453125, 1060.546875
-463.134766, 47.363281, 937.988281
-,-,-
120.117188, 200.195312, 794.921875
170.898438, 62.500000, 896.484375
290.527344, 180.664062, 919.921875
360.839844, 122.070312, 1116.210938
606.445312, 95.214844, 1173.828125
808.593750, 40.039062, 1315.917969
861.328125, 54.687500, 1277.832031
698.242188, 77.148438, 976.074219
364.746094, 68.847656, 867.187500
-175.048828, 126.953125, 562.500000
-887.451172, 14.648438, 669.921875
-1043.701172, -100.341797, 880.859375
-1074.462891, -8.544922, 1034.179688
-755.126953, 166.503906, 843.750000
-559.326172, 178.710938, 756.835938
-659.912109, 255.859375, 665.039062
-594.970703, 249.023438, 680.175781
-557.373047, 69.335938, 926.757812
-290.283203, 125.000000, 903.320312
134.277344, -72.509766, 1095.703125
457.519531, -102.294922, 1134.765625
787.597656, -121.337891, 1260.742188
903.320312, -117.431641, 1199.218750
875.976562, -197.509766, 1321.777344
826.660156, -239.501953, 1274.902344
681.640625, -231.201172, 1187.500000
457.519531, -157.958984, 1135.742188
354.492188, -157.958984, 960.937500
-163.330078, -58.349609, 963.867188
-457.763672, 60.546875, 986.328125
-780.517578, -24.658203, 958.007812
-882.568359, -3.662109, 1135.742188
-608.154297, -16.357422, 980.957031
-,-,-
244.628906, 36.132812, 791.015625
330.566406, 101.562500, 906.250000
503.417969, 48.339844, 1027.343750
744.140625, -25.146484, 1098.632812
816.894531, -119.384766, 1196.777344
777.343750, -123.779297, 1233.886719
588.378906, -93.505859, 1113.281250
188.964844, -55.419922, 943.359375
-162.841797, -36.865234, 872.070312
-609.619141, 0.976562, 703.125000
-956.298828, 70.312500, 855.468750
-1043.212891, 61.523438, 963.867188
-908.447266, 189.453125, 879.882812
-786.865234, 246.093750, 852.050781
-599.853516, 165.039062, 701.171875
-656.494141, 180.664062, 579.101562
-435.302734, 160.156250, 690.429688
-202.392578, 5.859375, 886.718750
133.789062, -64.208984, 998.046875
398.925781, -196.044922, 1113.281250
657.714844, -83.740234, 1260.742188
775.390625, -99.853516, 1328.125000
697.265625, -103.271484, 1349.609375
729.492188, -160.888672, 1280.761719
643.066406, -214.599609, 1189.453125
546.386719, -199.951172, 1212.890625
466.796875, -149.169922, 1098.632812
141.601562, -73.974609, 996.093750
-108.154297, -43.701172, 747.070312
-468.017578, 44.921875, 923.828125
-681.396484, 15.625000, 836.914062
-813.720703, 4.882812, 981.445312
-694.580078, -57.861328, 1051.757812
-593.994141, -50.537109, 1021.972656
-,-,-
161.132812, 135.742188, 1060.546875
163.085938, 201.171875, 1101.562500
402.832031, 124.023438, 1171.875000
581.542969, 153.320312, 1255.859375
826.171875, 56.640625, 1133.789062
619.140625, 5.859375, 1226.562500
396.972656, 59.570312, 1026.367188
-194.091797, 35.156250, 578.125000
-821.533203, -10.498047, 667.968750
-1219.970703, 225.585938, 676.757812
-1232.666016, 134.765625, 865.234375
-985.107422, 244.140625, 777.832031
-789.794922, 181.640625, 666.015625
-677.001953, 192.871094, 654.296875
-546.630859, 125.976562, 684.082031
-161.376953, 110.839844, 1010.742188
208.007812, 141.113281, 1043.945312
513.183594, -30.029297, 993.164062
985.839844, 12.695312, 1103.515625
983.886719, -126.708984, 1302.734375
972.167969, -225.341797, 1446.289062
606.445312, -161.865234, 1351.562500
497.558594, -158.935547, 1289.062500
334.960938, -117.919922, 1076.171875
12.207031, 47.363281, 890.136719
-149.658203, 56.640625, 819.335938
-685.791016, -38.818359, 847.167969
-996.337891, -42.724609, 1105.957031
-1039.794922, -43.701172, 1004.882812
-,-,-
160.156250, 150.390625, 915.039062
173.339844, 185.546875, 966.796875
312.988281, 98.632812, 1028.320312
509.277344, 75.195312, 1094.726562
759.277344, 61.523438, 1067.382812
801.757812, 49.804688, 1083.007812
514.160156, -1.220703, 1072.265625
35.156250, 21.972656, 887.695312
-256.103516, -77.880859, 851.074219
-821.044922, -118.408203, 1029.785156
-926.513672, -32.958984, 1117.187500
-805.419922, 93.261719, 967.773438
-725.341797, 210.937500, 899.414062
-709.716797, 192.382812, 765.136719
-712.646484, 179.687500, 727.050781
-633.056641, 239.257812, 716.796875
-358.154297, 13.671875, 842.773438
-42.724609, 163.085938, 801.757812
470.214844, 37.109375, 910.156250
579.101562, 18.554688, 978.027344
877.929688, -69.091797, 1095.703125
800.292969, -43.701172, 1254.882812
798.339844, -190.673828, 1350.585938
609.863281, -187.744141, 1365.722656
677.246094, -154.052734, 1104.980469
513.183594, -132.568359, 967.773438
238.281250, 109.375000, 538.085938
-380.615234, -113.037109, 1023.925781
-528.564453, -85.693359, 965.820312
-1075.439453, -94.970703, 1106.445312
-808.837891, -93.994141, 1002.929688
-482.666016, -31.005859, 923.828125
-,-,-
288.085938, 8.789062, 958.007812
437.500000, 30.273438, 958.007812
535.644531, 4.882812, 1032.226562
726.562500, -41.748047, 1028.320312
690.429688, -95.458984, 1169.921875
610.839844, 22.949219, 1054.687500
268.554688, 49.804688, 1017.578125
96.191406, -182.373047, 846.679688
-524.169922, -99.853516, 972.656250
-800.537109, -106.201172, 1045.898438
-750.244141, -89.599609, 889.648438
-710.205078, 152.343750, 810.058594
-616.455078, 282.226562, 729.003906
-653.076172, 217.285156, 699.218750
-542.236328, 206.054688, 768.066406
-455.810547, 21.972656, 734.375000
-32.958984, -73.486328, 863.281250
148.437500, 21.972656, 1015.625000
402.832031, 135.742188, 1098.632812
520.019531, 70.800781, 1186.523438
676.269531, 52.734375, 1280.273438
694.824219, 13.671875, 1303.710938
820.312500, -110.107422, 1289.062500
645.019531, -142.822266, 1183.593750
611.328125, -151.123047, 1057.617188
401.855469, -133.544922, 915.039062
71.777344, -77.880859, 916.992188
-155.517578, -118.896484, 845.703125
-614.990234, -185.791016, 1101.074219
-753.173828, -97.900391, 1046.875000
-840.087891, -61.279297, 1029.296875
-,-,-
243.164062, 19.042969, 925.781250
279.785156, 117.675781, 1027.343750
472.656250, 69.335938, 1024.902344
697.265625, -32.958984, 1241.210938
822.265625, -6.591797, 1146.972656
651.855469, -31.982422, 1048.828125
249.023438, -44.189453, 834.960938
-145.751953, -40.771484, 851.074219
-681.884766, -109.130859, 920.898438
-998.779297, -54.443359, 1053.710938
-980.712891, 41.015625, 1008.789062
-790.283203, 92.285156, 854.003906
-524.658203, 164.062500, 701.171875
-548.583984, 164.062500, 621.093750
-471.435547, 192.871094, 667.968750
-302.490234, 78.125000, 828.125000
-171.630859, 165.039062, 968.261719
110.351562, -96.923828, 1102.539062
312.500000, -14.404297, 1158.203125
516.601562, -25.146484, 1234.863281
653.808594, -148.193359, 1363.769531
728.027344, -162.841797, 1354.980469
692.871094, -202.880859, 1282.714844
600.585938, -168.212891, 1225.585938
452.636719, -84.716797, 979.003906
222.167969, -76.904297, 880.859375
-2.685547, -37.841797, 953.125000
-335.693359, -55.419922, 833.984375
-558.349609, -14.404297, 1053.710938
-763.427734, -213.134766, 836.914062
-800.537109, -90.576172, 1121.093750
-588.134766, -81.787109, 1028.320312
-,-,-
85.937500, 211.914062, 1051.757812
203.125000, 240.722656, 1053.710938
255.371094, 250.976562, 1120.117188
565.429688, 153.320312, 1089.843750
792.968750, 135.742188, 1045.898438
878.906250, 24.902344, 1133.789062
725.585938, 44.921875, 1033.203125
422.851562, 44.921875, 801.757812
102.050781, 19.531250, 743.164062
-460.693359, -62.255859, 780.273438
-721.923828, -70.068359, 892.089844
-877.197266, -61.279297, 979.980469
-845.947266, -5.126953, 980.957031
-684.326172, 155.273438, 843.750000
-543.212891, 179.687500, 725.097656
-542.724609, 170.410156, 620.117188
-437.744141, 156.250000, 746.093750
-375.244141, 113.281250, 831.054688
-141.845703, 141.113281, 976.562500
43.457031, 20.996094, 1213.867188
426.757812, -61.279297, 1125.976562
665.527344, -165.771484, 1287.597656
679.199219, -20.263672, 1305.664062
801.757812, -129.638672, 1369.140625
647.949219, -123.779297, 1272.949219
589.355469, -109.130859, 1171.875000
504.394531, -51.513672, 914.062500
93.261719, -3.662109, 903.320312
-138.427734, -32.958984, 830.078125
-740.478516, -139.404297, 880.859375
-948.486328, -219.482422, 965.820312
-1019.287109, -245.849609, 1237.792969
-,-,-
46.875000, 162.109375, 771.972656
254.882812, 157.226562, 773.437500
366.210938, 191.894531, 845.703125
672.851562, 193.847656, 1041.992188
878.417969, 113.281250, 1166.015625
776.855469, 66.406250, 1064.941406
536.621094, 36.132812, 1083.007812
382.324219, -31.982422, 930.664062
-19.287109, -34.912109, 844.726562
-143.310547, -78.857422, 722.656250
-634.033203, 2.441406, 798.828125
-734.619141, 69.824219, 841.796875
-734.619141, 0.488281, 959.960938
-806.884766, 132.812500, 934.082031
-611.572266, 216.308594, 809.082031
-585.205078, 143.554688, 796.875000
-478.759766, 161.132812, 748.046875
-569.091797, 210.937500, 680.664062
-225.341797, 89.843750, 856.933594
-305.419922, 240.722656, 992.187500
173.339844, -17.333984, 925.781250
161.621094, 116.210938, 1061.035156
680.664062, -91.552734, 1112.304688
745.605469, -148.193359, 1396.484375
912.597656, -171.142578, 1360.351562
701.660156, -173.583984, 1412.109375
423.828125, -162.841797, 1300.781250
354.492188, -47.119141, 1111.328125
361.328125, -9.521484, 887.207031
-82.275391, 129.882812, 795.898438
-195.556641, 19.042969, 884.765625
-713.134766, -75.927734, 762.695312
-995.849609, 4.882812, 971.679688
-996.337891, -92.529297, 875.976562
-718.505859, -29.052734, 1014.648438
-,-,-
-28.564453, 159.179688, 820.312500
30.273438, 290.039062, 886.718750
241.699219, 279.296875, 955.078125
593.261719, 328.125000, 941.406250
953.613281, 258.789062, 1140.625000
974.121094, 274.414062, 1155.761719
752.929688, 193.847656, 1026.367188
350.097656, 185.546875, 895.019531
-19.287109, 166.503906, 728.027344
-524.658203, -6.591797, 799.804688
-858.642578, -115.478516, 670.898438
-1197.021484, -103.271484, 855.468750
-1118.408203, -2.197266, 789.062500
-843.017578, 68.359375, 636.230469
-699.462891, 119.628906, 393.554688
-406.005859, 148.437500, 780.273438
-82.763672, 54.687500, 774.414062
274.414062, -176.513672, 1179.687500
446.289062, 43.945312, 1208.984375
814.453125, -82.763672, 1377.929688
817.871094, -68.603516, 1404.785156
1007.324219, -38.818359, 1415.039062
865.234375, -43.701172, 1162.597656
693.847656, -54.443359, 1195.800781
553.222656, 48.828125, 1040.039062
265.625000, 33.203125, 755.859375
-192.626953, -15.380859, 767.089844
-654.052734, -162.841797, 662.109375
-1301.513672, -263.916016, 994.140625
-1158.447266, -401.123047, 1155.273438
-659.912109, -77.880859, 979.003906
-193.115234, 13.671875, 757.812500
-,-,-
400.390625, 183.593750, 965.820312
404.296875, 134.765625, 1084.960938
657.226562, 75.195312, 1124.023438
741.699219, 102.539062, 1227.539062
739.746094, 59.570312, 1149.902344
529.296875, 79.101562, 742.187500
106.445312, 24.902344, 886.718750
-358.642578, 35.156250, 654.296875
-864.990234, -193.603516, 799.804688
-1255.126953, -237.060547, 986.328125
-1197.509766, -24.658203, 783.203125
-1066.162109, 224.609375, 663.085938
-843.017578, 89.843750, 538.085938
-568.603516, 84.960938, 530.273438
-21.240234, 41.015625, 648.437500
488.281250, -107.177734, 1108.886719
685.546875, 93.261719, 1450.683594
972.656250, -174.560547, 1516.601562
937.500000, -117.431641, 1499.023438
977.050781, -56.396484, 1388.671875
892.578125, -123.779297, 1173.828125
653.320312, -49.072266, 1040.039062
214.355469, 103.515625, 859.375000
-114.013672, -80.810547, 716.796875
-906.982422, -195.556641, 880.859375
-1150.634766, -288.330078, 785.156250
-1307.373047, -326.904297, 1007.812500
-745.361328, -249.755859, 918.945312
-,-,-
438.964844, 195.312500, 1099.609375
588.378906, 137.207031, 1187.500000
756.347656, 48.828125, 1257.812500
847.656250, 15.625000, 1181.640625
711.914062, -21.240234, 1081.054688
472.656250, 58.593750, 925.781250
22.949219, 148.437500, 638.183594
-354.736328, 28.320312, 668.945312
-876.708984, -154.052734, 839.843750
-1216.064453, -144.775391, 982.910156
-1076.416016, -30.029297, 1044.921875
-732.666016, 60.546875, 693.359375
-624.755859, 3.417969, 562.500000
-593.505859, 134.765625, 631.835938
-469.482422, 30.273438, 783.203125
-209.716797, -27.587891, 948.242188
141.113281, 81.054688, 1159.179688
424.804688, 41.992188, 1353.515625
827.636719, 3.906250, 1361.816406
909.179688, 13.671875, 1467.773438
882.812500, 12.695312, 1393.554688
732.910156, -40.771484, 1277.832031
555.175781, 32.714844, 1049.804688
385.253906, 74.707031, 1039.062500
164.550781, 58.593750, 791.015625
-172.607422, 81.054688, 744.140625
-579.345703, -87.646484, 678.222656
-1062.255859, -284.423828, 852.050781
-1195.556641, -356.689453, 1031.250000
-872.314453, -192.626953, 1016.113281
-457.275391, -2.685547, 814.941406
-,-,-
513.183594, 272.460938, 879.882812
617.187500, 236.328125, 958.984375
527.832031, 263.183594, 1077.148438
545.898438, 216.796875, 1312.500000
558.105469, 213.867188, 1262.695312
381.347656, 160.156250, 1084.960938
125.000000, 196.289062, 652.343750
-280.029297, 89.843750, 509.277344
-723.388672, 3.906250, 700.195312
-932.373047, 51.757812, 756.835938
-928.955078, 69.335938, 812.988281
-785.888672, 83.984375, 885.742188
-622.802734, 125.976562, 749.023438
-616.455078, 101.562500, 643.066406
-620.361328, 148.437500, 673.828125
-462.646484, 70.312500, 879.882812
-294.677734, 138.671875, 961.914062
129.882812, 75.195312, 995.117188
257.324219, 119.628906, 1234.863281
671.386719, 58.593750, 1243.164062
789.550781, -37.841797, 1324.218750
832.519531, -14.404297, 1349.609375
808.593750, -85.693359, 1299.804688
652.832031, -104.248047, 1221.679688
413.085938, -57.373047, 1130.859375
333.007812, -38.818359, 1064.941406
12.695312, -6.591797, 872.070312
-305.419922, -202.880859, 724.121094
-732.177734, -141.845703, 972.167969
-1113.037109, -352.294922, 875.976562
-973.876953, -99.853516, 1032.226562
-544.189453, -43.701172, 838.867188
-308.837891, 31.250000, 796.875000
-282.470703, -14.404297, 1014.648438
-,-,-
384.765625, 101.562500, 1102.539062
444.335938, 127.929688, 1141.601562
525.878906, 67.871094, 1144.042969
676.269531, 23.437500, 1174.804688
660.644531, -22.705078, 1128.906250
312.011719, 78.125000, 977.539062
118.164062, -34.912109, 642.089844
-602.294922, 61.523438, 715.820312
-937.255859, 89.843750, 749.023438
-1046.142578, 113.281250, 672.851562
-1080.810547, 199.218750, 777.343750
-928.466797, 216.308594, 693.359375
-744.384766, 95.214844, 680.175781
-579.345703, 98.632812, 708.984375
-156.494141, 5.859375, 836.914062
-8.544922, -11.474609, 1180.664062
574.218750, -236.083984, 1143.554688
683.105469, -88.623047, 1217.773438
1008.300781, -184.326172, 1303.710938
1208.496094, -278.076172, 1367.675781
1001.464844, -199.951172, 1254.882812
765.136719, -319.091797, 1212.890625
312.988281, -125.732422, 1110.351562
81.054688, -124.755859, 777.343750
-403.564453, -90.576172, 916.992188
-862.548828, -80.810547, 661.132812
-1263.427734, -104.248047, 925.781250
-1013.916016, -177.490234, 1007.812500
-647.216797, -82.763672, 905.273438
-,-,-
481.445312, 125.000000, 1144.042969
692.382812, 59.570312, 1230.468750
755.371094, -2.685547, 1239.257812
799.804688, -52.001953, 1149.902344
689.453125, -11.474609, 1012.695312
441.894531, 40.039062, 855.957031
-3.662109, 54.687500, 661.132812
-356.689453, -83.740234, 748.046875
-906.494141, -25.634766, 876.953125
-1104.736328, -99.365234, 994.140625
-1031.005859, -105.224609, 1029.296875
-845.947266, 158.203125, 825.195312
-660.400391, 117.187500, 685.546875
-624.267578, 27.343750, 833.984375
-476.806641, 184.570312, 688.964844
-394.287109, -12.451172, 880.859375
-167.236328, 89.843750, 894.042969
77.636719, -80.810547, 1130.859375
394.531250, -17.333984, 1131.835938
728.027344, -44.677734, 1174.804688
908.203125, -29.052734, 1215.820312
1016.113281, -122.802734, 1345.703125
1022.460938, -204.833984, 1308.593750
757.812500, -226.318359, 1089.843750
511.718750, -123.291016, 1089.843750
385.742188, -108.154297, 885.742188
-189.208984, 9.765625, 774.414062
-440.185547, -25.634766, 811.523438
-1110.595703, -411.376953, 900.390625
-1224.365234, -143.798828, 1182.617188
-910.400391, -81.787109, 962.890625
-,-,-
132.324219, 201.171875, 891.113281
242.187500, 202.148438, 966.796875
335.449219, 157.226562, 945.312500
506.347656, 93.261719, 1143.066406
629.882812, 20.996094, 1121.093750
631.347656, -26.123047, 1234.863281
423.828125, 4.882812, 1124.023438
279.785156, 181.640625, 917.968750
-41.748047, 220.703125, 846.679688
-292.724609, 190.429688, 385.742188
-1014.892578, 208.984375, 589.843750
-1314.208984, 310.546875, 662.109375
-1255.126953, 284.179688, 737.304688
-926.025391, 240.722656, 693.359375
-665.771484, 176.757812, 502.929688
-516.357422, 87.890625, 663.085938
-223.876953, 94.238281, 939.453125
5.859375, 19.042969, 945.312500
372.070312, -117.431641, 1204.101562
585.449219, -211.669922, 1341.796875
1043.945312, -228.271484, 1414.062500
1121.093750, -201.904297, 1531.738281
880.371094, -221.435547, 1362.792969
551.757812, -257.568359, 1262.695312
448.242188, -229.248047, 1108.886719
229.003906, 6.347656, 961.914062
52.734375, -70.068359, 742.187500
-343.017578, -17.333984, 599.609375
-991.455078, -20.263672, 531.250000
-1381.103516, -134.521484, 1024.902344
-,-,-
267.089844, 174.804688, 1076.171875
329.101562, 119.628906, 1036.132812
431.152344, 116.699219, 1074.707031
683.105469, -13.427734, 1036.132812
667.968750, -27.099609, 1112.304688
534.179688, 1.464844, 1043.945312
369.628906, -58.349609, 754.882812
-234.619141, -93.505859, 722.167969
-706.298828, -136.474609, 678.710938
-1329.833984, -72.021484, 982.421875
-1136.962891, -15.380859, 1069.335938
-836.669922, 168.457031, 834.960938
-669.189453, 146.484375, 660.156250
-684.814453, 109.375000, 590.820312
-627.685547, 226.562500, 666.992188
-339.111328, -10.498047, 894.042969
-41.748047, 12.695312, 948.242188
338.867188, -104.248047, 1109.863281
634.765625, -117.919922, 1213.867188
746.582031, -165.283203, 1345.703125
697.265625, -272.216797, 1338.867188
853.027344, -336.669922, 1320.800781
783.691406, -300.537109, 1179.687500
738.769531, -247.802734, 1004.882812
412.597656, -144.775391, 964.843750
61.035156, 92.773438, 781.250000
-306.396484, -140.380859, 773.437500
-999.267578, -84.716797, 895.019531
-1462.646484, -169.189453, 937.011719
-1151.611328, -123.291016, 1166.015625
