-,-,-
-104.736328, 164.062500, 828.125000
-178.955078, 176.757812, 786.132812
-296.630859, 125.976562, 750.976562
-391.845703, 45.898438, 745.117188
-384.033203, 30.273438, 698.730469
-301.513672, 41.992188, 885.742188
-194.091797, 64.453125, 1035.156250
-61.767578, 85.937500, 1166.992188
89.843750, 212.402344, 1222.656250
139.160156, 176.757812, 1226.074219
177.246094, 228.515625, 1348.632812
171.386719, 335.449219, 1581.054688
89.843750, 401.367188, 1817.382812
33.203125, 292.968750, 1726.562500
-39.794922, 133.789062, 1440.429688
-51.513672, 56.640625, 1039.062500
-2.685547, 94.238281, 596.191406
-31.005859, -69.091797, 223.632812
19.531250, -55.419922, 169.433594
122.558594, -165.771484, 208.984375
185.058594, -226.318359, 245.117188
272.460938, -57.373047, 470.214844
293.457031, 14.648438, 793.945312
41.015625, 16.113281, 1104.980469
-166.259766, -75.927734, 1308.593750
-267.333984, 101.562500, 1526.367188
-394.775391, 92.773438, 1583.007812
-307.861328, 185.546875, 1415.039062
-,-,-
-110.107422, 164.062500, 792.968750
-228.271484, 100.585938, 833.984375
-316.162109, 57.617188, 737.304688
-365.478516, -0.244141, 796.875000
-347.900391, -19.287109, 855.957031
-249.755859, -20.751953, 880.859375
-69.580078, -0.732422, 972.167969
105.468750, -31.005859, 1055.664062
54.199219, 43.945312, 1183.593750
78.613281, 83.007812, 1383.789062
37.597656, 102.539062, 1442.382812
12.695312, 113.281250, 1496.093750
34.179688, 166.015625, 1567.382812
-12.451172, 100.585938, 1678.710938
-49.072266, 64.453125, 1678.710938
-75.439453, -23.681641, 1478.027344
-14.404297, 15.625000, 1152.343750
16.113281, 9.765625, 831.054688
50.292969, -2.685547, 606.445312
57.128906, -15.380859, 428.710938
51.757812, -38.818359, 394.531250
109.863281, -52.490234, 437.500000
91.796875, -79.833984, 291.992188
147.460938, -40.771484, 296.386719
170.410156, -4.638672, 538.085938
93.261719, 41.015625, 683.105469
-79.345703, 54.687500, 1040.039062
-239.013672, -25.634766, 1195.800781
-426.025391, 43.945312, 1448.730469
-520.751953, 67.382812, 1586.425781
-,-,-
-153.076172, 155.273438, 553.222656
-186.767578, 4.882812, 446.289062
-297.119141, 46.875000, 479.492188
-491.943359, -1.708984, 610.351562
-555.419922, -70.068359, 791.015625
-427.490234, -23.681641, 960.937500
-268.798828, 6.835938, 1033.203125
-9.521484, 83.007812, 1333.007812
78.125000, 119.140625, 1386.718750
-14.404297, 156.250000, 1355.957031
-20.263672, 107.421875, 1296.875000
74.218750, 146.484375, 1372.070312
59.570312, 191.894531, 1441.894531
51.757812, 250.000000, 1600.585938
-79.345703, 134.765625, 1652.343750
-163.330078, 84.960938, 1589.843750
-141.357422, 64.453125, 1304.687500
-118.408203, 6.835938, 986.328125
-69.091797, -34.912109, 735.351562
-63.232422, -56.396484, 386.230469
-85.205078, -33.935547, 297.363281
-51.513672, -36.865234, 243.164062
-105.224609, -102.294922, 184.570312
4.394531, -72.509766, 360.351562
143.066406, -47.119141, 541.015625
169.921875, -60.302734, 876.953125
42.480469, 38.085938, 1099.609375
-197.509766, 13.671875, 1477.539062
-322.021484, -86.669922, 1650.390625
-466.064453, -4.638672, 1659.179688
-299.560547, 87.890625, 1325.195312
-,-,-
-94.970703, 78.125000, 809.082031
-193.115234, 63.476562, 758.789062
-292.236328, 54.687500, 711.914062
-386.474609, -87.646484, 689.453125
-407.958984, -104.248047, 664.062500
-271.240234, -125.732422, 862.304688
-82.763672, 29.296875, 1137.695312
77.148438, 97.656250, 1303.710938
212.402344, 189.453125, 1542.480469
192.382812, 226.562500, 1455.078125
199.218750, 250.976562, 1597.656250
101.074219, 204.101562, 1628.906250
40.039062, 114.257812, 1668.945312
20.507812, 45.898438, 1495.605469
-3.662109, 48.339844, 1250.000000
18.066406, 49.804688, 962.890625
-52.001953, 16.601562, 782.226562
-25.146484, -14.404297, 586.914062
-84.228516, -60.302734, 486.328125
-73.486328, -83.740234, 402.343750
25.878906, -59.814453, 283.203125
52.734375, -70.068359, 218.750000
212.402344, -20.263672, 312.500000
210.937500, -1.708984, 642.089844
142.578125, -51.513672, 1010.742188
42.480469, 3.417969, 1252.441406
-90.087891, -49.072266, 1445.312500
-364.013672, 32.226562, 1467.773438
-388.916016, 150.390625, 1487.792969
-329.833984, 204.101562, 1372.070312
-,-,-
-202.392578, 129.882812, 743.164062
-346.923828, 84.960938, 616.210938
-401.611328, -40.771484, 573.242188
-380.615234, -83.740234, 746.093750
-322.509766, -73.486328, 785.156250
-132.568359, 29.296875, 1174.804688
43.457031, 47.851562, 1407.714844
99.121094, 179.687500, 1675.781250
46.875000, 81.054688, 1439.453125
56.152344, 123.046875, 1549.804688
38.085938, 189.453125, 1503.906250
10.253906, 211.914062, 1527.343750
-32.470703, 161.132812, 1600.585938
-103.271484, 39.062500, 1483.398438
-88.134766, 44.433594, 1198.242188
-64.697266, 8.789062, 926.757812
-74.462891, -10.498047, 566.406250
-72.509766, 30.273438, 524.414062
-30.517578, -3.662109, 466.308594
2.441406, -5.615234, 409.179688
34.179688, -66.162109, 320.312500
103.515625, -55.419922, 284.179688
217.285156, 4.882812, 398.437500
187.500000, -75.439453, 634.765625
-15.869141, -23.681641, 880.859375
-121.826172, -7.568359, 1240.722656
-577.880859, 122.070312, 1592.773438
-554.931641, 177.734375, 1741.210938
-,-,-
-183.349609, 160.156250, 651.367188
-327.392578, 94.238281, 580.078125
-364.501953, 167.968750, 574.218750
-448.974609, 10.742188, 579.101562
-357.177734, -38.818359, 808.593750
-253.173828, -36.865234, 820.312500
-135.009766, 2.441406, 1176.757812
-105.712891, 14.648438, 1284.179688
-70.068359, 55.664062, 1580.078125
-139.404297, 68.359375, 1545.898438
-162.353516, 84.960938, 1605.468750
-156.494141, 125.000000, 1608.398438
-113.525391, 130.859375, 1543.945312
-179.931641, 88.867188, 1510.742188
-146.728516, 15.625000, 1426.757812
-138.427734, -19.287109, 1180.664062
-94.482422, -52.490234, 904.296875
-50.048828, -26.123047, 670.898438
2.929688, 52.734375, 533.203125
28.320312, 55.664062, 429.687500
30.761719, 49.316406, 388.671875
77.148438, 9.765625, 301.757812
140.136719, -23.681641, 236.328125
206.054688, 17.578125, 292.480469
220.703125, 2.441406, 502.929688
22.949219, -25.146484, 834.960938
-220.458984, -31.982422, 1181.640625
-556.884766, -27.587891, 1458.984375
-703.857422, 53.710938, 1562.500000
-,-,-
-156.005859, 275.390625, 589.843750
-276.611328, 143.066406, 493.164062
-375.732422, 104.980469, 354.492188
-472.412109, -70.068359, 416.015625
-417.724609, -95.947266, 756.835938
-255.615234, -70.556641, 927.246094
-181.396484, -80.810547, 1361.816406
131.347656, -13.427734, 1296.875000
179.687500, -8.544922, 1581.054688
67.871094, 0.000000, 1532.714844
57.617188, 103.515625, 1467.773438
62.011719, 145.507812, 1561.523438
33.691406, 170.898438, 1576.171875
-22.705078, 153.320312, 1623.535156
-65.185547, 28.320312, 1607.421875
-141.845703, -57.373047, 1456.054688
-64.208984, 35.156250, 1179.687500
-11.962891, 16.601562, 949.218750
-1.220703, -12.451172, 701.660156
-32.958984, -19.287109, 517.578125
-23.681641, -45.166016, 495.117188
66.894531, -13.427734, 365.234375
67.871094, -37.841797, 278.320312
120.605469, -80.810547, 164.062500
291.503906, -74.462891, 58.593750
269.042969, -21.240234, 204.589844
205.566406, -61.279297, 493.164062
-281.494141, -203.857422, 1144.042969
-705.810547, -223.388672, 1812.500000
-793.701172, -18.310547, 1825.683594
-689.697266, 104.980469, 1761.718750
-553.955078, 167.968750, 1276.367188
-372.802734, 59.570312, 1245.605469
-,-,-
-96.923828, 134.765625, 632.324219
-206.298828, 118.164062, 599.121094
-350.341797, 113.769531, 563.964844
-517.333984, 3.906250, 649.414062
-538.330078, -89.599609, 883.789062
-442.626953, -111.083984, 963.867188
-253.173828, -74.951172, 1109.375000
0.000000, 9.765625, 1088.867188
166.503906, 73.242188, 1274.414062
235.839844, 86.914062, 1369.140625
172.363281, 83.984375, 1524.414062
149.902344, 61.523438, 1541.015625
111.328125, 103.515625, 1547.851562
121.093750, 78.125000, 1672.851562
56.152344, 49.316406, 1682.617188
-2.685547, 22.949219, 1657.714844
-10.009766, 21.484375, 1405.761719
-17.822266, 29.296875, 1134.765625
-3.662109, -21.240234, 907.226562
-20.751953, -60.302734, 555.175781
70.800781, 10.742188, 270.507812
40.039062, -0.732422, 152.343750
114.257812, -41.748047, 96.679688
168.457031, -66.162109, 112.304688
171.875000, -0.732422, 269.531250
283.203125, -106.201172, 543.945312
173.339844, -118.408203, 806.640625
65.917969, -209.716797, 1105.957031
-206.298828, -249.755859, 1362.792969
-513.427734, -50.048828, 1644.531250
-598.388672, 161.132812, 1578.613281
-592.529297, 240.722656, 1361.816406
-,-,-
-9.033203, 181.640625, 575.195312
-36.376953, 210.937500, 409.179688
-114.013672, 132.812500, 446.289062
-239.013672, 47.851562, 454.101562
-402.587891, -68.603516, 702.148438
-268.798828, -78.369141, 783.203125
-146.728516, -50.537109, 1044.921875
22.460938, 62.011719, 1208.984375
188.476562, 34.179688, 1288.574219
433.593750, 156.250000, 1472.656250
382.324219, 157.226562, 1537.109375
388.183594, 178.710938, 1524.902344
174.316406, 123.046875, 1611.328125
148.437500, 73.242188, 1581.054688
88.378906, 81.054688, 1546.386719
60.546875, 33.203125, 1535.644531
17.089844, 83.984375, 1352.539062
-15.869141, 48.339844, 1192.871094
8.789062, 66.406250, 943.359375
-9.033203, -23.681641, 708.984375
-21.728516, -2.197266, 561.523438
32.714844, 2.929688, 393.554688
26.855469, -3.662109, 329.101562
39.550781, -6.103516, 278.320312
123.535156, 12.695312, 253.417969
173.339844, -14.404297, 321.289062
287.597656, -15.380859, 405.273438
294.433594, 44.433594, 641.113281
167.480469, -131.591797, 914.062500
-169.677734, -206.787109, 1389.648438
-412.841797, -227.294922, 1618.652344
-580.810547, 1.464844, 1618.652344
-562.255859, 172.363281, 1417.968750
-526.123047, 299.804688, 1286.132812
-,-,-
-45.166016, 158.203125, 515.625000
-241.455078, 76.171875, 467.285156
-399.658203, 14.648438, 519.531250
-386.962891, -132.568359, 741.210938
-329.833984, -123.291016, 989.257812
-96.435547, -129.638672, 1272.949219
146.484375, -6.591797, 1411.132812
291.503906, 36.132812, 1425.781250
243.164062, 110.351562, 1517.578125
146.484375, 118.652344, 1500.976562
103.515625, 122.070312, 1508.789062
62.011719, 63.476562, 1511.718750
26.855469, 7.812500, 1585.937500
4.882812, -38.818359, 1611.328125
-68.603516, -28.076172, 1515.625000
-47.607422, -9.521484, 1317.871094
-55.908203, 44.433594, 1033.203125
-80.810547, 48.339844, 789.062500
-34.423828, 90.820312, 589.843750
-56.884766, 77.148438, 480.468750
-34.423828, 112.304688, 357.421875
34.179688, 92.285156, 324.218750
43.457031, 36.132812, 310.546875
129.394531, 33.203125, 289.062500
275.390625, -31.982422, 465.820312
338.378906, -33.935547, 518.554688
386.718750, -103.271484, 875.000000
94.238281, -93.505859, 989.257812
-83.251953, -96.923828, 1182.617188
-437.744141, -10.498047, 1535.644531
-624.267578, 89.843750, 1532.714844
-624.755859, 168.457031, 1572.265625
-551.025391, 196.289062, 1413.085938
-,-,-
-178.955078, 196.289062, 541.015625
-280.517578, 165.039062, 540.039062
-391.845703, 98.632812, 421.875000
-493.408203, -1.220703, 641.113281
-379.638672, -73.974609, 684.570312
-246.337891, -117.431641, 847.656250
-10.009766, -94.970703, 1246.093750
207.519531, -86.669922, 1437.500000
268.066406, -89.599609, 1475.585938
266.601562, -86.669922, 1627.929688
206.542969, -37.841797, 1591.796875
247.070312, 21.484375, 1691.406250
117.675781, -9.521484, 1687.500000
42.480469, -74.462891, 1576.660156
-31.005859, -82.763672, 1453.125000
-45.166016, -56.396484, 1242.187500
7.812500, 18.554688, 999.023438
-15.380859, 20.507812, 807.128906
-20.263672, 49.804688, 666.992188
-10.498047, 63.476562, 448.242188
0.488281, 45.898438, 341.796875
76.660156, -18.310547, 183.593750
118.652344, -28.076172, 101.562500
293.945312, 9.765625, 141.601562
419.433594, -14.404297, 320.312500
337.402344, -41.748047, 661.132812
152.343750, -247.802734, 869.140625
-222.412109, -283.935547, 1344.726562
-606.689453, -360.595703, 1509.765625
-707.763672, -99.853516, 1687.500000
-,-,-
-76.904297, 179.687500, 459.960938
-121.826172, 166.503906, 416.015625
-216.552734, 154.296875, 428.222656
-275.634766, 53.710938, 558.593750
-330.322266, -49.072266, 708.007812
-233.154297, -135.498047, 949.218750
-123.291016, -238.037109, 1172.851562
-18.798828, -142.333984, 1307.617188
199.218750, -124.755859, 1365.234375
258.789062, -56.396484, 1515.625000
312.500000, 13.671875, 1573.242188
236.816406, 89.843750, 1657.226562
147.460938, 62.500000, 1738.281250
17.089844, 40.039062, 1761.718750
-36.865234, -14.404297, 1673.339844
-36.865234, -43.701172, 1531.738281
-2.685547, 1.953125, 1182.617188
16.113281, 14.648438, 814.453125
19.531250, -18.798828, 558.593750
79.589844, -66.162109, 340.332031
124.023438, -35.888672, 223.632812
231.445312, -19.287109, 107.421875
320.312500, -15.380859, 57.617188
422.851562, -41.748047, 132.812500
400.878906, -57.373047, 248.046875
353.027344, -201.904297, 611.328125
-16.845703, -260.009766, 951.171875
-232.177734, -261.962891, 1302.734375
-517.333984, -205.322266, 1541.503906
-618.896484, -73.486328, 1815.429688
-,-,-
-122.314453, 24.902344, 574.218750
-215.576172, -39.794922, 648.437500
-282.470703, -38.818359, 775.878906
-231.689453, -114.990234, 994.140625
-196.533203, -160.888672, 1041.992188
-167.724609, -152.099609, 1166.992188
-47.607422, -120.361328, 1218.750000
-29.541016, -39.794922, 1284.179688
-62.744141, -79.833984, 1255.859375
35.156250, 53.710938, 1192.871094
122.070312, 116.210938, 1206.054688
115.234375, 99.609375, 1138.671875
118.164062, 107.421875, 1294.921875
88.378906, 105.468750, 1404.785156
67.382812, 66.406250, 1606.445312
-49.560547, 14.648438, 1739.257812
-74.951172, -36.865234, 1585.449219
-54.931641, 13.671875, 1333.007812
25.390625, 55.664062, 1133.789062
25.878906, 60.546875, 963.867188
-9.521484, 23.925781, 866.210938
-22.705078, -1.708984, 776.367188
-6.103516, 52.734375, 649.414062
-0.732422, 22.949219, 469.238281
60.546875, 26.367188, 343.261719
100.097656, -11.474609, 300.292969
150.878906, -2.197266, 289.550781
172.851562, 70.800781, 289.062500
252.441406, 67.382812, 599.121094
269.042969, 21.972656, 696.289062
95.214844, -104.248047, 1016.113281
14.648438, -197.998047, 1161.132812
-89.599609, -179.443359, 1242.187500
-92.529297, -218.017578, 1406.738281
-228.271484, -139.404297, 1287.597656
-255.615234, -38.818359, 1192.871094
-430.908203, 14.648438, 1189.453125
-441.650391, 78.125000, 1290.039062
-,-,-
4.394531, 188.476562, 502.929688
-26.611328, 159.179688, 486.328125
-123.779297, 107.421875, 599.609375
-255.615234, -7.568359, 717.285156
-336.181641, -72.509766, 926.757812
-282.958984, -145.751953, 945.312500
-190.673828, -171.630859, 1130.859375
-134.033203, -176.513672, 1124.023438
108.398438, -114.013672, 1180.664062
99.121094, -133.544922, 1187.011719
146.484375, -57.373047, 1362.792969
103.515625, -31.982422, 1531.250000
87.890625, -43.701172, 1738.281250
83.496094, -61.279297, 1732.421875
59.570312, -109.130859, 1683.593750
33.203125, -135.498047, 1539.062500
3.906250, -86.669922, 1353.515625
31.738281, -38.818359, 1102.539062
-24.658203, -1.708984, 926.757812
-23.681641, -7.568359, 807.617188
-6.103516, 15.625000, 656.250000
-4.150391, 34.179688, 499.023438
42.480469, 85.937500, 377.929688
86.914062, 48.828125, 306.640625
52.734375, -20.263672, 237.304688
129.394531, 27.343750, 308.593750
180.664062, 28.320312, 496.093750
192.382812, 60.546875, 716.796875
157.226562, -24.658203, 963.867188
84.960938, -77.880859, 1181.640625
-10.986328, -160.888672, 1270.507812
-93.994141, -236.083984, 1247.070312
-114.990234, -177.490234, 1206.054688
-307.861328, -88.623047, 1129.882812
-451.416016, 19.531250, 1228.515625
-486.083984, 116.699219, 1287.109375
-,-,-
2.441406, 187.500000, 768.066406
-122.314453, 142.089844, 731.445312
-195.068359, 88.867188, 770.019531
-254.638672, 28.320312, 845.703125
-289.794922, -29.052734, 798.828125
-220.458984, -156.005859, 1118.164062
-182.373047, -198.974609, 1261.718750
22.460938, -232.177734, 1286.621094
11.230469, -187.255859, 1191.406250
179.687500, -96.923828, 1183.593750
76.660156, -89.599609, 1264.648438
125.976562, -73.974609, 1259.765625
92.773438, -56.396484, 1302.734375
37.597656, -34.912109, 1460.937500
23.437500, -30.029297, 1531.250000
-10.986328, -66.162109, 1571.289062
-21.728516, -70.068359, 1524.414062
-29.541016, -83.740234, 1357.421875
-4.150391, -12.451172, 1202.148438
13.671875, 34.179688, 998.046875
3.906250, 67.871094, 891.601562
2.929688, 41.015625, 791.992188
24.902344, 58.593750, 683.593750
15.625000, 88.867188, 595.214844
12.695312, 94.238281, 473.632812
92.285156, 63.476562, 430.664062
33.691406, -25.634766, 397.460938
156.738281, 7.812500, 394.531250
277.343750, 37.109375, 505.371094
362.792969, 20.996094, 603.515625
338.378906, -58.349609, 806.640625
272.460938, -143.798828, 846.679688
80.078125, -158.935547, 1084.960938
6.835938, -283.935547, 1105.957031
-220.458984, -269.287109, 1192.871094
-309.326172, -172.607422, 1167.968750
-425.048828, -108.154297, 1303.710938
-473.388672, -74.462891, 1445.312500
-378.662109, -18.310547, 1367.187500
-347.900391, -81.787109, 1284.179688
-,-,-
-105.712891, 91.796875, 463.867188
-154.052734, 47.363281, 559.570312
-124.267578, 75.195312, 636.230469
-252.685547, 0.488281, 708.007812
-230.712891, -79.833984, 991.210938
-198.486328, -96.923828, 1025.390625
-43.212891, -185.302734, 1055.664062
26.855469, -170.166016, 1215.820312
47.851562, -127.685547, 1100.585938
7.812500, -130.615234, 1284.179688
167.480469, -50.537109, 1232.421875
207.031250, -26.123047, 1412.109375
229.003906, -21.728516, 1384.765625
164.062500, -27.099609, 1446.289062
125.976562, -57.373047, 1508.789062
-10.986328, -136.962891, 1602.539062
-4.150391, -76.904297, 1519.531250
-10.986328, 26.367188, 1413.085938
60.546875, 61.523438, 1196.777344
32.714844, 78.125000, 954.101562
49.316406, 54.687500, 765.136719
35.156250, -13.427734, 574.218750
69.335938, -9.521484, 403.320312
123.535156, 6.835938, 305.664062
94.238281, -29.541016, 336.425781
190.917969, -1.220703, 303.710938
193.847656, 27.343750, 381.347656
268.066406, 24.414062, 431.640625
247.558594, -10.498047, 611.328125
147.460938, -118.896484, 871.093750
24.414062, -136.474609, 1103.027344
-123.291016, -171.630859, 1306.640625
-290.283203, -204.833984, 1418.945312
-413.818359, -134.521484, 1517.578125
-454.345703, -34.912109, 1414.062500
-459.716797, 106.445312, 1249.023438
-450.927734, 69.824219, 1116.210938
-,-,-
90.332031, 255.859375, 685.058594
-13.427734, 288.574219, 688.476562
-154.052734, 235.351562, 677.734375
-260.498047, 180.664062, 714.843750
-324.462891, 96.191406, 674.804688
-267.333984, 54.687500, 736.328125
-172.119141, -64.208984, 880.859375
-130.126953, -114.990234, 1070.312500
86.914062, -90.576172, 1240.234375
243.164062, -73.974609, 1321.777344
294.921875, 31.250000, 1515.625000
320.800781, -14.404297, 1580.566406
360.351562, 217.285156, 1517.578125
333.007812, 192.871094, 1448.730469
232.421875, 167.480469, 1488.769531
152.343750, 112.304688, 1427.734375
162.597656, 134.765625, 1405.761719
99.609375, 137.695312, 1261.718750
74.218750, 100.585938, 1146.972656
52.734375, 52.734375, 1034.179688
0.488281, 3.906250, 818.359375
30.273438, 33.203125, 687.500000
62.011719, 97.167969, 483.398438
73.242188, 176.757812, 336.425781
134.277344, 177.734375, 288.085938
129.394531, 148.437500, 259.765625
183.105469, 114.257812, 336.914062
284.667969, 139.648438, 414.062500
356.445312, 41.992188, 595.214844
352.539062, 59.570312, 806.152344
216.308594, -81.787109, 1024.902344
-7.080078, -153.076172, 1315.429688
-99.365234, -112.060547, 1293.945312
-242.919922, -64.208984, 1407.714844
-306.396484, 6.835938, 1319.335938
-377.197266, 105.468750, 1310.546875
-393.310547, 137.695312, 1372.070312
-306.396484, 133.789062, 1356.445312
-,-,-
-116.455078, 112.304688, 403.320312
-196.533203, 100.585938, 572.265625
-342.041016, 37.109375, 797.851562
-312.255859, -14.404297, 789.062500
-370.361328, -131.591797, 1096.679688
-230.712891, -147.705078, 1251.953125
-31.494141, -127.685547, 1198.242188
183.593750, -84.716797, 1187.500000
302.734375, 6.835938, 1148.437500
282.714844, 28.320312, 1209.960938
232.421875, 62.500000, 1291.015625
133.300781, 15.625000, 1331.054688
94.238281, 9.765625, 1513.671875
43.457031, 8.789062, 1576.171875
24.414062, -28.076172, 1629.882812
-52.978516, -37.841797, 1622.070312
-24.658203, -16.357422, 1481.445312
-52.490234, 26.367188, 1268.554688
-33.935547, 60.546875, 1075.195312
-44.189453, 62.500000, 902.343750
-24.169922, 64.453125, 705.078125
11.230469, 117.675781, 541.015625
49.316406, 149.414062, 429.199219
62.011719, 120.605469, 409.179688
112.304688, 85.937500, 359.375000
158.203125, 41.992188, 346.679688
254.882812, 75.683594, 383.789062
300.292969, 125.976562, 483.398438
369.140625, 51.757812, 588.867188
214.843750, 17.578125, 786.132812
187.988281, -101.318359, 1016.113281
-17.822266, -85.693359, 1161.132812
-178.955078, -122.314453, 1333.984375
-346.923828, -130.615234, 1612.792969
-372.802734, -29.052734, 1514.648438
-343.505859, -19.287109, 1416.992188
-289.794922, 21.484375, 1234.863281
-238.037109, -30.029297, 1090.820312
-,-,-
-81.787109, 195.312500, 515.625000
-206.298828, 104.492188, 524.414062
-383.544922, 70.800781, 688.476562
-513.916016, -27.099609, 824.218750
-407.470703, -54.443359, 892.089844
-310.302734, -81.787109, 985.351562
-40.283203, 19.042969, 1109.863281
183.105469, -1.220703, 1262.695312
440.429688, 62.500000, 1241.210938
368.652344, 81.054688, 1468.750000
424.804688, 136.718750, 1514.648438
265.625000, 136.718750, 1538.085938
258.789062, 103.515625, 1577.636719
196.289062, 21.972656, 1588.867188
92.773438, -27.587891, 1569.335938
105.957031, 26.855469, 1439.453125
44.921875, 54.687500, 1321.777344
84.472656, 21.972656, 1030.273438
87.402344, 40.039062, 948.242188
67.871094, 36.132812, 753.906250
105.957031, 70.800781, 587.402344
101.074219, 91.796875, 513.671875
139.160156, 68.847656, 358.398438
166.015625, 76.660156, 375.000000
201.660156, 24.902344, 326.171875
230.957031, 5.859375, 217.285156
343.261719, 30.273438, 280.273438
333.007812, 14.648438, 375.000000
206.542969, -31.005859, 571.289062
61.035156, -47.119141, 1002.929688
-215.576172, -245.849609, 1479.492188
-323.486328, -279.052734, 1662.597656
-410.400391, -235.107422, 1678.710938
-329.345703, -48.095703, 1565.429688
-315.185547, 35.156250, 1299.804688
-257.080078, 86.914062, 1142.089844
-181.396484, 38.085938, 1093.750000
-,-,-
-191.650391, 64.453125, 531.250000
-246.337891, 85.937500, 466.308594
-310.302734, 20.507812, 478.515625
-313.720703, -38.818359, 837.890625
-440.185547, -120.849609, 1025.390625
-145.751953, -88.623047, 1324.707031
-34.423828, -95.947266, 1308.593750
324.707031, 31.250000, 1230.957031
254.882812, -32.958984, 1249.023438
436.035156, 115.234375, 1318.359375
278.320312, 17.578125, 1401.367188
260.742188, 69.824219, 1479.492188
196.777344, 55.664062, 1559.570312
177.734375, -3.662109, 1595.703125
130.371094, 1.464844, 1535.156250
139.160156, -24.658203, 1490.722656
92.773438, 6.835938, 1222.656250
51.757812, -5.615234, 1069.335938
62.988281, -4.638672, 863.281250
13.671875, 27.343750, 606.445312
63.476562, 103.515625, 606.445312
3.906250, 71.289062, 386.718750
-19.287109, 85.937500, 350.585938
-22.216797, 99.609375, 382.324219
24.414062, 29.296875, 322.265625
123.535156, 59.570312, 420.410156
334.960938, 125.000000, 514.648438
355.957031, 31.250000, 661.132812
421.875000, -49.072266, 871.093750
194.335938, -134.521484, 1086.914062
117.675781, -166.259766, 1219.726562
-144.775391, -229.248047, 1352.539062
-268.798828, -79.833984, 1425.781250
-482.666016, -39.794922, 1362.792969
-467.529297, 152.343750, 1389.160156
-339.111328, 140.625000, 1234.863281
-280.517578, 37.109375, 1083.984375
-252.197266, -58.349609, 1101.562500
-200.439453, -63.232422, 1189.453125
-,-,-
-35.400391, 194.824219, 554.199219
-154.052734, 54.687500, 505.859375
-247.314453, 48.339844, 639.160156
-268.798828, -77.392578, 889.648438
-261.962891, -121.826172, 943.359375
-72.998047, -63.232422, 1113.769531
10.253906, -162.353516, 1281.738281
159.179688, -104.248047, 1269.531250
91.796875, 41.015625, 1377.929688
215.820312, 77.148438, 1303.710938
213.867188, 125.976562, 1372.070312
193.359375, 74.218750, 1347.656250
223.144531, 94.238281, 1411.132812
148.925781, 27.343750, 1549.804688
104.980469, -3.662109, 1564.453125
42.480469, -49.072266, 1541.992188
58.593750, -38.818359, 1337.890625
60.546875, -10.498047, 1118.164062
67.871094, 4.882812, 958.007812
84.472656, 14.648438, 793.945312
95.214844, 34.179688, 638.183594
87.890625, 62.500000, 480.468750
80.078125, 85.937500, 367.187500
78.613281, 60.546875, 340.332031
108.886719, 49.804688, 252.441406
134.277344, 97.656250, 294.433594
285.644531, 138.671875, 501.953125
350.585938, 141.113281, 556.152344
266.601562, 14.648438, 861.328125
104.492188, -88.623047, 951.171875
-67.138672, -166.748047, 1263.671875
-183.349609, -155.029297, 1466.796875
-302.001953, -156.982422, 1416.015625
-272.216797, -24.658203, 1494.140625
-295.654297, 10.742188, 1333.007812
-266.357422, 45.898438, 1329.101562
-,-,-
-105.712891, 84.960938, 335.937500
-176.513672, 59.570312, 373.046875
-318.603516, 26.367188, 518.066406
-451.904297, -92.529297, 492.187500
-470.947266, -61.279297, 857.421875
-507.568359, -106.201172, 1272.949219
-21.728516, -65.185547, 1179.687500
157.714844, 15.625000, 1289.062500
379.882812, 28.320312, 1500.000000
434.082031, -49.072266, 1437.500000
326.171875, -47.119141, 1597.656250
295.410156, -64.208984, 1585.937500
173.339844, -101.318359, 1642.578125
117.675781, -107.177734, 1530.761719
62.011719, -54.443359, 1421.875000
-3.662109, -52.978516, 1291.992188
23.437500, -6.591797, 1081.054688
-67.626953, -66.162109, 967.773438
-6.103516, -15.380859, 679.199219
58.593750, 71.777344, 599.121094
26.855469, 97.167969, 516.113281
49.316406, 89.843750, 379.394531
84.960938, 55.664062, 395.507812
80.078125, -12.451172, 347.656250
118.164062, -25.146484, 362.304688
234.863281, -2.685547, 545.898438
279.785156, 38.085938, 670.898438
233.398438, -19.287109, 881.835938
83.496094, -56.396484, 1078.125000
9.277344, -110.107422, 1278.808594
-87.646484, -83.740234, 1312.500000
-168.701172, -55.419922, 1405.761719
-238.037109, -88.623047, 1220.703125
-286.376953, -19.287109, 1385.742188
-263.916016, 1.464844, 1278.808594
-295.166016, -70.556641, 1043.945312
-206.298828, -21.240234, 1214.843750
-,-,-
-97.900391, 99.609375, 278.320312
-151.611328, -42.724609, 392.578125
-223.876953, -119.384766, 597.167969
-306.884766, -118.408203, 836.914062
-238.037109, -151.123047, 853.515625
-16.357422, -203.857422, 1065.917969
48.828125, -77.392578, 1174.804688
282.714844, -6.103516, 1320.800781
348.144531, 50.781250, 1512.695312
295.410156, 91.796875, 1438.476562
361.816406, 114.746094, 1525.390625
279.785156, 71.777344, 1610.351562
185.058594, -46.630859, 1510.742188
132.812500, -39.794922, 1551.757812
145.996094, -34.912109, 1462.890625
158.203125, 30.273438, 1300.781250
115.722656, 13.671875, 1104.003906
102.050781, 33.203125, 924.804688
9.277344, -10.498047, 814.941406
59.570312, 20.996094, 601.562500
32.714844, 73.730469, 559.082031
46.875000, 109.375000, 465.332031
71.777344, 100.585938, 358.398438
36.132812, 41.992188, 300.292969
148.925781, 54.687500, 243.164062
291.503906, 85.937500, 431.152344
318.359375, 55.664062, 611.328125
325.683594, -18.310547, 789.062500
125.976562, -140.380859, 1069.824219
59.570312, -198.974609, 1192.871094
-123.779297, -205.810547, 1447.753906
-240.478516, -156.005859, 1463.867188
-263.427734, -71.533203, 1305.664062
-345.947266, -63.232422, 1458.007812
-268.798828, 27.343750, 1185.058594
-166.748047, 22.949219, 1224.609375
-130.615234, 17.578125, 1124.023438
-,-,-
-133.544922, 126.953125, 726.562500
-276.123047, 183.593750, 655.273438
-357.666016, 123.535156, 526.367188
-591.552734, 68.847656, 606.445312
-613.037109, 14.648438, 652.343750
-408.447266, -2.685547, 742.187500
-105.712891, -48.583984, 983.886719
127.441406, 49.316406, 1283.691406
205.566406, -63.232422, 1411.132812
207.519531, -100.341797, 1498.046875
100.097656, -54.443359, 1597.656250
83.496094, 36.132812, 1660.644531
37.597656, 39.062500, 1750.976562
14.648438, 42.968750, 1837.890625
0.488281, -9.521484, 1773.437500
-39.306641, 2.441406, 1473.632812
-78.857422, -51.513672, 1068.847656
-49.560547, -64.697266, 667.968750
25.390625, -27.099609, 327.636719
70.312500, -21.728516, 141.601562
129.394531, -56.396484, 59.570312
124.511719, -50.537109, 109.375000
281.738281, -68.603516, 213.378906
462.890625, -65.185547, 371.093750
350.097656, 16.601562, 538.085938
136.718750, -79.833984, 812.011719
-330.322266, -198.974609, 1400.878906
-664.794922, -335.205078, 1756.835938
-748.779297, -217.041016, 1859.375000
-,-,-
-454.345703, 89.355469, 197.753906
-564.697266, -5.615234, 202.148438
-615.478516, -109.130859, 571.289062
-496.826172, -54.443359, 852.050781
-287.841797, -123.779297, 1217.773438
-45.166016, 21.484375, 1654.296875
134.277344, 60.546875, 1711.914062
152.343750, 124.023438, 1655.273438
198.242188, 130.859375, 1435.546875
282.714844, 83.984375, 1239.257812
231.933594, 93.750000, 1265.625000
162.597656, 51.757812, 1443.847656
45.410156, 32.226562, 1625.000000
-41.748047, 22.949219, 1716.308594
-111.083984, 4.394531, 1557.617188
-148.681641, -6.591797, 1303.710938
-84.228516, -28.076172, 915.039062
-69.580078, 30.273438, 476.074219
7.812500, 116.210938, 248.535156
7.812500, 91.796875, 186.523438
1.464844, 54.687500, 171.386719
-12.939453, 57.617188, 226.562500
111.816406, 16.601562, 262.695312
285.644531, 28.320312, 456.054688
281.250000, -38.818359, 666.015625
314.941406, -72.509766, 746.093750
-55.908203, -103.271484, 1136.718750
-376.708984, -274.169922, 1452.148438
-584.228516, -303.466797, 1689.453125
-,-,-
-130.615234, 123.046875, 368.164062
-247.314453, 177.734375, 313.476562
-416.259766, 141.601562, 390.625000
-446.533203, 19.531250, 676.757812
-457.763672, -40.771484, 732.421875
-103.271484, -153.076172, 1074.218750
-49.560547, 28.808594, 1270.996094
353.027344, 0.488281, 1613.769531
189.941406, 45.410156, 1899.414062
180.664062, 50.781250, 1764.648438
191.406250, 65.429688, 1698.242188
161.132812, 31.250000, 1651.367188
120.117188, 21.972656, 1588.867188
64.453125, 22.460938, 1501.953125
55.175781, 8.789062, 1332.031250
27.832031, 34.179688, 1019.042969
33.691406, 0.488281, 701.171875
46.875000, -6.103516, 443.359375
53.222656, -13.427734, 253.417969
39.550781, -58.349609, 294.921875
108.886719, -99.853516, 239.746094
83.984375, -31.982422, 312.500000
265.625000, 65.429688, 466.308594
438.964844, 81.054688, 474.609375
288.085938, 17.578125, 790.039062
66.406250, -91.552734, 1062.988281
-122.802734, -281.982422, 1389.648438
-449.462891, -368.896484, 1671.875000
-512.451172, -201.904297, 1617.187500
-362.548828, -18.310547, 1308.593750
-286.376953, 54.687500, 1126.953125
-259.521484, 37.109375, 1079.101562
-,-,-
-386.962891, -31.005859, 247.070312
-555.419922, -49.560547, 382.324219
-462.646484, -50.048828, 771.484375
-395.263672, 26.367188, 1011.718750
-75.927734, 67.871094, 1220.703125
-31.005859, 88.378906, 1436.035156
129.394531, 193.847656, 1649.414062
66.406250, 211.914062, 1541.015625
139.160156, 117.187500, 1447.753906
87.890625, 56.640625, 1373.046875
34.667969, 72.265625, 1400.878906
-5.615234, 84.960938, 1475.585938
-26.123047, 208.984375, 1455.566406
-40.771484, 179.687500, 1517.578125
-84.228516, 148.437500, 1352.539062
-98.388672, 96.191406, 1053.710938
-70.068359, 50.292969, 847.656250
-32.470703, 21.972656, 664.062500
-51.025391, 76.171875, 415.039062
-43.212891, 52.734375, 397.460938
-3.662109, 35.156250, 341.796875
68.847656, 28.320312, 273.437500
190.917969, 15.625000, 347.656250
450.195312, 32.226562, 495.117188
360.351562, -9.521484, 623.046875
263.183594, -17.822266, 738.281250
-42.724609, -48.095703, 1008.789062
-322.998047, -147.216797, 1328.125000
-570.068359, -99.365234, 1579.589844
-604.736328, -123.291016, 1790.527344
-448.486328, -41.748047, 1558.593750
-286.865234, 2.929688, 1222.656250
-207.275391, -2.685547, 1013.671875
-,-,-
-479.736328, 13.671875, 501.953125
-510.986328, -32.958984, 922.851562
-388.427734, -10.498047, 1180.664062
-139.404297, -20.263672, 1423.828125
-92.041016, -49.072266, 1356.445312
-18.798828, -74.462891, 1377.441406
-29.052734, -52.001953, 1270.507812
50.781250, 36.132812, 1215.820312
147.460938, 39.062500, 1160.156250
202.148438, 83.984375, 1079.101562
154.785156, 125.976562, 1135.742188
178.710938, 93.750000, 1252.929688
55.175781, 83.984375, 1571.289062
15.625000, 97.656250, 1675.781250
-28.076172, 152.343750, 1780.273438
-47.607422, 144.531250, 1670.898438
-75.927734, 193.847656, 1315.429688
-92.529297, 182.617188, 931.640625
-92.041016, 170.410156, 779.296875
-101.806641, 25.390625, 470.214844
-116.455078, 6.835938, 281.250000
-43.212891, 20.996094, 361.328125
81.054688, -19.287109, 226.562500
194.824219, -63.232422, 245.117188
329.101562, -15.380859, 355.468750
393.554688, 32.226562, 457.031250
330.078125, -83.740234, 659.179688
-74.951172, -66.162109, 926.757812
-354.248047, -35.888672, 1449.707031
-474.365234, -127.685547, 1577.636719
-693.115234, -81.787109, 1538.085938
-410.400391, -42.236328, 1430.664062
-322.021484, 36.132812, 1189.941406
-197.509766, 7.812500, 1126.953125
-,-,-
-409.423828, -17.333984, 416.015625
-614.990234, -120.849609, 694.335938
-500.732422, -198.974609, 876.953125
-335.693359, -179.443359, 1181.640625
-65.185547, -105.712891, 1182.617188
245.605469, 49.316406, 1028.320312
374.511719, 80.078125, 1255.859375
224.609375, 125.000000, 1292.968750
222.167969, 69.824219, 1360.839844
42.480469, 3.906250, 1350.585938
44.921875, 2.929688, 1476.562500
5.371094, 0.488281, 1642.578125
-31.982422, 30.273438, 1663.574219
-27.587891, 28.320312, 1724.609375
-38.330078, 22.460938, 1508.789062
-69.580078, 43.945312, 1205.078125
-20.263672, 42.968750, 898.437500
-45.654297, 20.019531, 651.367188
-26.611328, 7.812500, 537.109375
-21.728516, 3.906250, 448.242188
-56.884766, 27.343750, 403.320312
-3.662109, -10.498047, 340.332031
171.386719, -8.544922, 407.226562
362.304688, 27.343750, 343.750000
353.027344, 26.367188, 379.394531
374.023438, -51.513672, 586.914062
56.640625, -90.576172, 775.390625
-234.619141, -151.123047, 1147.949219
-610.595703, -208.740234, 1519.042969
-697.998047, -162.841797, 1780.273438
-591.552734, -41.748047, 1458.984375
-257.080078, 24.414062, 1186.523438
-167.236328, 11.718750, 975.097656
-,-,-
-291.259766, 116.699219, 467.285156
-312.255859, 137.695312, 408.203125
-443.115234, 118.652344, 457.031250
-433.349609, 7.812500, 546.875000
-432.861328, -39.794922, 750.000000
-252.685547, 15.625000, 799.804688
-73.486328, -97.900391, 954.101562
139.160156, -85.693359, 1260.742188
166.015625, -37.841797, 1407.714844
249.511719, -58.349609, 1618.652344
117.675781, 5.859375, 1661.621094
145.996094, -50.048828, 1314.453125
103.515625, -24.658203, 1151.367188
167.968750, -83.740234, 1040.039062
119.140625, -65.185547, 1203.125000
15.625000, 63.476562, 1416.992188
29.296875, 137.695312, 1619.628906
-16.357422, 197.265625, 1683.593750
-8.056641, 234.375000, 1609.375000
33.691406, 159.179688, 1249.023438
38.574219, 79.101562, 919.921875
-52.978516, -68.115234, 633.789062
11.718750, -117.919922, 533.203125
-48.583984, -53.466797, 258.300781
-30.029297, -74.951172, 246.093750
120.117188, -92.529297, 271.484375
189.941406, -52.490234, 316.406250
370.605469, -24.658203, 497.070312
438.476562, -40.771484, 494.140625
320.800781, -118.896484, 817.382812
174.316406, -197.021484, 1092.773438
-127.197266, -198.974609, 1465.820312
-356.201172, -184.814453, 1430.664062
-406.005859, -89.599609, 1441.406250
-410.400391, -117.431641, 1313.476562
-369.384766, 24.414062, 1266.601562
-359.619141, -53.466797, 1341.796875
-,-,-
-242.431641, 102.539062, 430.664062
-298.095703, 148.925781, 321.289062
-285.888672, 107.421875, 489.257812
-372.802734, -8.544922, 692.382812
-282.958984, -79.833984, 976.562500
-313.720703, -208.740234, 1166.992188
-111.572266, -175.537109, 1375.000000
128.417969, -121.826172, 1467.773438
84.960938, -59.326172, 1541.992188
140.136719, -76.904297, 1373.535156
142.578125, -33.935547, 1282.226562
62.988281, -72.509766, 1301.757812
-2.685547, -37.841797, 1442.382812
-103.271484, -21.240234, 1493.652344
-95.458984, 17.578125, 1582.031250
-85.693359, -0.732422, 1531.738281
-10.498047, -59.326172, 1404.785156
-29.052734, -72.998047, 1020.019531
-136.474609, -63.232422, 605.468750
29.296875, -28.076172, 452.148438
11.230469, 34.179688, 430.175781
83.496094, 48.339844, 338.867188
193.847656, 30.273438, 441.406250
321.289062, 67.871094, 442.382812
368.164062, 69.335938, 528.320312
484.375000, -2.197266, 604.492188
401.855469, -71.533203, 781.250000
215.332031, -91.552734, 799.804688
-27.587891, -154.052734, 995.117188
-367.919922, -120.849609, 1107.910156
-489.990234, -127.685547, 1266.601562
-618.896484, -147.705078, 1499.023438
-482.666016, -126.708984, 1409.667969
-367.431641, -105.224609, 1310.546875
-,-,-
-135.009766, 202.148438, 266.601562
-194.091797, 142.089844, 277.343750
-295.654297, 120.605469, 422.363281
-429.443359, 29.296875, 533.203125
-426.513672, 18.554688, 814.941406
-484.130859, -12.451172, 937.988281
-283.935547, -52.490234, 1113.281250
-299.072266, -89.599609, 1096.679688
-31.982422, -51.513672, 1307.617188
-31.494141, -69.091797, 1409.667969
152.832031, -39.794922, 1452.148438
166.015625, 16.601562, 1469.726562
211.425781, 35.156250, 1452.148438
187.988281, 1.953125, 1547.851562
109.863281, -29.052734, 1630.859375
0.000000, -57.373047, 1631.835938
-17.822266, -78.857422, 1531.738281
-40.771484, -5.615234, 1222.656250
-49.560547, -0.732422, 867.187500
-19.287109, -31.005859, 732.421875
-22.705078, -12.451172, 565.429688
-29.541016, -27.587891, 530.273438
26.855469, -43.701172, 479.492188
45.410156, -21.240234, 429.199219
78.125000, -16.357422, 376.464844
223.632812, 8.789062, 411.132812
269.042969, -2.685547, 456.054688
336.425781, -59.326172, 523.437500
145.019531, -135.498047, 839.843750
-55.908203, -214.599609, 1096.679688
-147.216797, -177.490234, 1446.289062
-253.662109, -270.263672, 1565.429688
-303.955078, -79.833984, 1517.578125
-438.232422, -82.763672, 1418.945312
-395.263672, -41.748047, 1140.625000
-,-,-
-104.248047, 50.781250, 385.253906
-191.650391, 48.828125, 421.875000
-264.404297, 34.179688, 607.421875
-383.056641, -102.294922, 870.117188
-308.349609, -70.068359, 1072.265625
-155.517578, -125.732422, 1227.539062
-137.939453, -97.900391, 1301.757812
-88.134766, -45.166016, 1245.117188
-13.427734, 24.902344, 1514.648438
100.097656, 45.410156, 1499.023438
61.035156, 39.062500, 1496.582031
99.121094, 42.968750, 1528.320312
19.531250, 33.203125, 1534.667969
-53.466797, -11.474609, 1489.746094
-141.845703, 6.835938, 1431.640625
-105.712891, -9.521484, 1306.640625
-74.462891, 38.085938, 967.773438
-44.189453, 20.996094, 750.000000
-23.681641, 28.320312, 687.988281
-3.173828, 36.132812, 528.320312
-2.685547, 34.179688, 455.078125
69.824219, 14.648438, 419.921875
161.621094, -22.705078, 530.273438
217.285156, -71.533203, 475.585938
394.531250, -120.849609, 546.875000
362.792969, -136.474609, 598.632812
317.382812, -143.310547, 701.171875
47.851562, -216.064453, 934.082031
-231.201172, -230.224609, 1189.453125
-397.216797, -130.615234, 1280.761719
-559.814453, -114.990234, 1386.718750
-587.158203, -39.794922, 1374.023438
-570.556641, -46.142578, 1397.949219
-447.998047, -31.982422, 1220.703125
-345.947266, -13.427734, 1185.546875
-,-,-
-142.333984, 150.390625, 573.242188
-183.837891, 142.089844, 537.109375
-294.189453, 159.179688, 592.285156
-293.212891, 74.707031, 763.183594
-256.591797, -52.490234, 871.093750
-137.451172, -93.994141, 1074.218750
-106.689453, -125.732422, 1195.800781
-5.126953, 17.578125, 1279.785156
35.156250, 42.968750, 1446.289062
106.933594, 18.554688, 1493.652344
-21.240234, 99.121094, 1525.878906
127.929688, 49.804688, 1422.851562
166.503906, 45.898438, 1437.500000
65.917969, 57.617188, 1482.910156
69.335938, 66.406250, 1495.605469
-15.869141, 3.906250, 1517.089844
-9.033203, 34.179688, 1375.000000
-53.466797, 51.757812, 1137.695312
-52.978516, 39.062500, 878.906250
-23.193359, -5.615234, 681.152344
-6.103516, -9.521484, 473.632812
-20.263672, -29.052734, 455.078125
38.085938, -59.326172, 362.304688
75.195312, -62.255859, 361.328125
218.261719, -50.048828, 393.554688
454.101562, -36.865234, 416.992188
506.835938, -53.466797, 478.515625
363.769531, -109.130859, 698.242188
74.218750, -159.912109, 905.273438
-270.751953, -195.068359, 1415.039062
-598.876953, -291.748047, 1620.605469
-598.388672, -117.431641, 1541.992188
-554.931641, -58.349609, 1339.843750
-,-,-
-140.869141, 161.132812, 555.175781
-346.923828, 48.828125, 448.242188
-370.361328, 64.453125, 563.476562
-342.041016, 35.156250, 788.085938
-322.021484, -52.001953, 949.218750
-96.435547, 28.808594, 1177.734375
15.136719, -33.935547, 1236.816406
188.476562, -20.263672, 1322.753906
33.203125, 38.085938, 1430.664062
182.617188, 10.742188, 1425.781250
13.671875, 6.835938, 1440.429688
29.296875, 2.929688, 1290.039062
27.343750, 69.335938, 1390.625000
50.292969, 117.187500, 1482.421875
-31.982422, 147.460938, 1596.679688
-47.607422, 179.687500, 1593.750000
-96.435547, 138.671875, 1352.539062
-64.697266, 47.363281, 1031.250000
47.851562, 50.781250, 793.945312
7.812500, 69.335938, 494.140625
23.437500, 65.429688, 430.664062
141.601562, 14.648438, 581.054688
66.894531, -29.052734, 517.578125
109.863281, -50.537109, 482.421875
239.746094, -60.302734, 473.632812
334.472656, -24.658203, 337.402344
363.769531, -10.498047, 306.640625
278.320312, -83.740234, 547.851562
-15.869141, -136.474609, 818.359375
-383.544922, -222.412109, 1258.789062
-624.267578, -261.962891, 1835.937500
-634.521484, -172.119141, 1822.265625
-460.693359, -63.232422, 1518.554688
-354.736328, -64.697266, 1103.515625
-304.443359, 34.179688, 938.964844
-,-,-
-264.892578, 185.546875, 494.140625
-327.392578, 118.164062, 546.875000
-276.611328, 181.640625, 709.960938
-237.060547, -54.443359, 868.164062
-124.267578, -63.232422, 994.140625
-300.537109, -257.568359, 1146.484375
-306.884766, -232.177734, 1104.492188
-212.158203, -99.365234, 1192.871094
22.460938, 36.132812, 1198.242188
277.343750, 75.195312, 1343.750000
196.289062, 35.156250, 1296.875000
219.726562, 6.835938, 1421.875000
289.550781, 21.972656, 1632.812500
215.820312, -26.611328, 1784.179688
145.019531, -9.521484, 1806.640625
143.554688, -11.474609, 1699.218750
64.941406, -21.728516, 1295.898438
54.687500, 10.742188, 922.851562
30.761719, -22.216797, 606.445312
31.738281, -63.232422, 181.640625
41.992188, 5.371094, 153.320312
86.914062, -23.193359, 144.531250
189.941406, -31.982422, 124.511719
298.828125, 39.062500, 202.148438
482.421875, 30.273438, 285.156250
405.273438, -71.044922, 657.226562
253.906250, -174.560547, 893.066406
-353.759766, -287.841797, 1468.750000
-714.599609, -457.275391, 1919.433594
-708.740234, -274.169922, 1808.593750
-527.587891, -123.779297, 1456.054688
-,-,-
-33.447266, 138.671875, 644.531250
-100.830078, 169.433594, 662.109375
-193.115234, 107.421875, 289.062500
-294.677734, 74.218750, 273.437500
-454.345703, 16.601562, 500.000000
-480.224609, -70.556641, 725.097656
-378.662109, -31.005859, 1040.039062
-35.888672, -14.404297, 1119.140625
-93.994141, -83.740234, 1339.843750
31.250000, -26.611328, 1355.957031
54.199219, 2.929688, 1526.367188
251.464844, 69.335938, 1489.257812
254.394531, 218.750000, 1333.007812
248.046875, 264.648438, 1307.617188
232.421875, 242.675781, 1458.984375
83.007812, 136.718750, 1586.914062
-10.009766, 60.546875, 1672.851562
-95.947266, -31.982422, 1605.468750
-104.736328, -75.927734, 1284.179688
-103.271484, -43.701172, 979.003906
-9.521484, 3.906250, 560.058594
70.312500, 103.515625, 388.671875
172.363281, 189.941406, 257.324219
231.445312, 190.917969, 236.328125
206.542969, 160.156250, 333.007812
278.320312, 140.625000, 291.015625
322.265625, 166.503906, 471.191406
378.906250, 66.406250, 520.507812
226.562500, 58.593750, 702.148438
83.496094, -116.943359, 979.003906
-231.689453, -176.513672, 1143.554688
-440.185547, -262.451172, 1451.660156
-607.177734, -180.419922, 1528.808594
-760.009766, -102.294922, 1431.640625
-704.833984, -40.771484, 1464.843750
-543.212891, -19.287109, 1310.058594
-,-,-
-107.666016, 91.796875, 585.937500
-195.068359, 71.777344, 525.390625
-335.693359, 100.097656, 657.226562
-418.701172, 50.781250, 704.101562
-396.240234, 63.476562, 881.835938
-261.962891, -15.380859, 1093.750000
-86.669922, -10.498047, 1275.878906
165.527344, -72.509766, 1188.476562
158.691406, 125.000000, 1273.437500
279.296875, 174.804688, 1510.742188
235.351562, 126.953125, 1491.699219
73.242188, 190.429688, 1520.507812
40.039062, 127.929688, 1619.628906
-41.748047, 90.820312, 1626.953125
-124.267578, 47.851562, 1554.687500
-93.505859, 48.339844, 1437.500000
-108.154297, 41.015625, 1224.609375
-70.068359, 51.757812, 861.328125
-44.189453, 81.054688, 616.210938
37.597656, 117.187500, 440.429688
186.523438, 72.265625, 344.726562
286.132812, 26.855469, 276.367188
432.617188, 77.148438, 160.156250
541.503906, 96.191406, 219.726562
498.046875, 61.523438, 313.476562
352.050781, 41.503906, 431.640625
183.105469, -23.681641, 725.585938
-129.150391, -208.740234, 1107.910156
-510.986328, -186.279297, 1322.753906
-572.998047, -176.513672, 1577.636719
-573.974609, -50.537109, 1661.621094
-479.248047, -40.771484, 1496.093750
-,-,-
63.476562, 291.015625, 773.437500
62.011719, 293.945312, 580.078125
52.734375, 308.593750, 534.179688
-52.978516, 253.906250, 543.945312
-156.005859, 175.781250, 438.476562
-341.064453, 125.000000, 472.167969
-415.283203, 75.683594, 586.914062
-501.708984, -0.732422, 595.214844
-483.642578, 28.320312, 753.906250
-359.619141, 4.882812, 1003.906250
-158.447266, 133.789062, 1109.863281
62.988281, 69.335938, 1206.054688
290.527344, -2.197266, 1392.578125
109.375000, -38.818359, 1229.492188
291.503906, -27.099609, 1371.093750
204.101562, -17.333984, 1220.703125
181.640625, 20.019531, 1377.929688
211.425781, 73.730469, 1550.781250
117.675781, 46.875000, 1680.664062
-31.494141, -18.310547, 1797.851562
-116.455078, -19.287109, 1740.234375
-103.271484, -25.146484, 1480.468750
-72.509766, -30.029297, 1024.902344
-57.373047, 18.554688, 601.562500
-1.708984, 71.777344, 362.304688
80.566406, 88.867188, 285.156250
177.246094, 89.843750, 188.476562
263.183594, 137.695312, 217.285156
335.449219, 165.039062, 165.039062
499.511719, 184.570312, 216.796875
435.058594, 145.507812, 408.203125
291.503906, 35.156250, 586.914062
-35.400391, -119.384766, 963.867188
-322.998047, -196.044922, 1318.847656
-656.494141, -297.607422, 1595.703125
-616.455078, -197.509766, 1567.382812
-615.966797, -10.498047, 1490.722656
-423.095703, -32.958984, 1298.828125
-,-,-
-230.712891, 49.316406, 427.246094
-365.966797, -80.810547, 461.914062
-522.705078, -114.013672, 640.625000
-503.173828, -94.482422, 772.460938
-401.123047, -35.888672, 979.980469
-261.962891, -32.958984, 1154.785156
-37.841797, -18.310547, 1291.015625
-86.669922, -1.708984, 1375.976562
64.453125, 69.824219, 1319.335938
111.816406, 101.562500, 1443.359375
89.355469, 83.007812, 1321.777344
78.613281, 64.453125, 1371.093750
121.093750, 78.125000, 1381.835938
144.042969, 109.375000, 1472.656250
73.242188, 54.687500, 1682.617188
12.695312, 52.734375, 1692.382812
-19.287109, 68.847656, 1501.953125
-6.103516, 111.328125, 1283.691406
-26.611328, 129.882812, 983.398438
40.039062, 117.187500, 631.347656
-17.822266, 95.214844, 490.234375
21.972656, 109.375000, 244.628906
116.699219, 55.664062, 217.773438
190.429688, 20.996094, 209.960938
283.691406, 64.453125, 186.523438
482.910156, 55.664062, 291.992188
433.593750, 72.753906, 432.617188
276.367188, -98.876953, 543.945312
-52.490234, -170.654297, 910.156250
-376.220703, -247.802734, 1187.500000
-782.958984, -242.431641, 1505.859375
-738.037109, -123.779297, 1743.164062
-592.529297, -58.349609, 1528.808594
-538.818359, -89.599609, 1584.472656
-289.306641, -123.779297, 1071.289062
